-9.158329930968647226e-01
-8.689150849490510087e-01
-5.268971816107281825e-01
-7.782382169731889565e-01
-4.931262160550022866e-01
-8.966491631808952700e-01
-7.871133195469055543e-01
-9.899579022485769375e-01
-8.228127822901023514e-01
5.284232934653134706e-01
-8.184774145764759368e-01
-7.298776632600056935e-01
-9.686897680765499397e-02
-3.718453378448852154e-01
-4.643162030790392580e-01
-1.752383962638930370e-01
-5.994524671796815918e-01
-4.197788401749940057e-01
1.676292697974175461e-01
-5.156335873693352889e-01
-6.800075790828279398e-01
1.147276164102422058e-01
-5.710864342412923511e-01
-4.943362961077972240e-01
7.439999023688215196e-01
-2.263978432111630745e-01
-4.813379261898896311e-01
-7.190254217163767336e-01
6.023420279651428011e-01
-5.296038017885216220e-01
6.431697004212793001e-01
2.381007056881674355e-01
3.693692669842847387e-01
3.607302643646058682e-01
-4.255084988576393057e-01
5.478029989803845368e-02
9.102546682726336824e-01
2.302845505660328085e-02
-1.570534480764276264e-01
-4.661429656151068190e-01
-7.595581473975761000e-01
-3.343445157404927315e-01
-5.189072766239144485e-01
-4.903311217621257323e-01
-4.086290682943480856e-01
-6.300314172205195851e-01
-6.144263107904878174e-01
-5.862454449093301712e-02
-4.856476520398214647e-01
-5.000546138989185874e-01
-2.369361737543931312e-01
-5.662889137779536508e-01
-6.211278650319846939e-01
9.356699815966805778e-01
-6.696534628845312032e-01
-5.261704013301955474e-01
-6.079110943315193527e-01
-3.923819365435507467e-01
-5.090797620406769530e-01
-4.065386074623494883e-01
-1.001335122355585971e+00
-7.974398139667019381e-01
-5.407532216967254612e-01
-5.281617351273388827e-01
3.497053239441895167e-01
-3.372104259520684044e-01
-4.951064861476804357e-01
-4.949096614889489376e-01
-3.454383403741724812e-01
4.345381709339808940e-01
-9.348316236992213479e-01
-7.187413473008378295e-01
-7.974800104179485816e-01
-8.291187948188183388e-02
-9.063108786326111721e-01
-6.351002602767115146e-01
-6.522489450290676061e-01
-4.791408706105879656e-01
-1.219241729060204227e-01
-4.907189684910174821e-01
-4.551930730328025421e-01
-6.380300335616144736e-01
-5.329248356188834856e-01
-5.568192268589278182e-02
-8.754211581854157709e-01
-6.425793464000550959e-01
-8.649310341295708415e-01
-3.898984113896807324e-01
1.377362235512249455e-01
-4.985694063099230244e-01
-8.929469241094924181e-02
2.508040280213476025e-01
-5.007565485521060511e-01
-6.915746343227702209e-01
-1.088909121002166192e-01
4.176688772403229777e-01
-4.013223299263379840e-01
-3.483425164829059284e-01
-3.905840352445271724e-01
-6.667202377123593315e-01
-9.043754545633628794e-01
4.465044424429553405e-01
-3.075531194484715236e-02
-8.047211017228955710e-01
-8.386602960909388393e-01
1.893091966396525105e-01
-5.438016931593524506e-01
-5.837232675704209783e-02
-7.482037619210577528e-01
-8.971602311301530852e-01
-6.108930058724462153e-01
9.830653474364814404e-01
-2.358614258156139232e-01
-5.923474581963840135e-01
3.664333982429108794e-01
-4.903945497497670947e-01
-4.948819686127148287e-01
-5.065786070031081945e-01
-4.985103516687703906e-01
-8.200030586904900609e-01
-7.247113284348172257e-01
-4.817393932975941317e-01
-5.325429317791789963e-01
-5.519416049300465144e-01
-5.395166862341083114e-01
6.880053064460661671e-02
-5.938813630764943063e-01
-5.662369254905847971e-01
-6.353111163738733858e-01
-3.046658780617544915e-01
-6.599731505867837411e-01
7.822803295434209714e-01
-7.527118456176636885e-01
-4.946269458863970514e-01
2.120557797761294938e-01
-2.852430015302911959e-01
-5.612674551027981851e-01
-5.505193161097634569e-01
-9.392604659897709762e-01
-4.999516568511243042e-01
-5.579499083973060714e-01
7.576404027095532401e-01
-5.833894639659340520e-01
-6.302152586985551030e-01
-7.003885570876956512e-01
-3.773977708557171296e-01
-4.158019821217008305e-01
-5.128959469454092979e-01
-5.713852131520692490e-01
-1.041350323901507335e-01
-4.776403085484756117e-01
-4.119191560864606805e-01
-5.302867811663810604e-01
-6.868459816508859506e-01
-5.119393523233601861e-01
-7.036064108893541613e-01
-5.661954294514912611e-01
-4.913144420511320609e-01
-7.738025174181190069e-01
-8.381086555922052650e-01
-5.768063549109436750e-01
-7.421506750125438368e-01
-4.915135501080222236e-01
-3.394854517051149601e-01
-4.707127621413632057e-01
-4.969590999193239100e-01
-5.109847040252514239e-01
-4.416349581850214090e-01
-5.562211529414926581e-01
-7.573215959089310001e-01
-5.325855683518641026e-01
3.963116148745071676e-02
-4.481755957867030182e-01
-8.420504343432650973e-01
-6.072232764759936119e-01
-4.921675008508691329e-01
-5.137571498885507015e-01
-5.191514723895610528e-01
-7.538003882569886960e-01
-7.156618098550036056e-01
-3.446403209681118129e-01
-5.710126452916444162e-01
-7.389213443085931310e-01
-5.879427805421278963e-01
-1.398341688968769425e-01
-4.664198598341705582e-01
-5.037681102065065808e-01
-4.801844811641695077e-01
-4.942067191959883532e-01
-5.126104851335042678e-01
-7.134511962904590554e-01
-4.944147608882101808e-01
-4.686032157713744262e-01
-4.675234818658363101e-01
-4.949592074671393949e-01
-4.232651076538532786e-01
-4.992741531943741262e-01
-3.543836164691143709e-01
-5.535559136418477522e-01
-1.943317422585591481e-01
-2.794366794400329201e-01
-5.606512834653827326e-01
-5.261154485521970514e-01
-2.417910964788784756e-01
-4.926503986239619826e-01
-5.270456372568737002e-01
-3.073848221276148651e-02
1.651191663537358023e-01
-6.025489182260511667e-01
-4.932173471781217677e-01
-5.366711709283088494e-01
1.976005740457575377e-01
-4.933182947002114904e-01
-5.313381942225152699e-01
-5.472571524157918699e-01
-4.931348550030000832e-01
-4.923047851976349309e-01
-6.544615154142813251e-03
-5.252149087145008277e-01
-5.597816133586036580e-01
-3.783873863842948104e-01
-7.973431067780394343e-01
-5.618473499289160511e-01
-5.646335184210643510e-01
1.808424043967145622e-01
-9.157146717691037052e-01
7.113328526849663214e-02
-5.518989681896250277e-01
-4.706620048298569836e-01
-5.815163700079796216e-01
-7.523101096667308418e-01
-5.313986389185409998e-01
7.954171859795944322e-01
-5.543856945895297983e-01
8.277138535393587793e-01
8.232850800277078385e-01
9.924044174027946141e-02
-3.926525037007047025e-01
5.864513169035658890e-01
9.001145732001708533e-01
9.819176438097315662e-01
8.289619113291143426e-01
8.421515439148473670e-01
-4.414252760861292479e-01
1.000974934759128132e+00
8.039570533839534017e-01
6.895329806378670545e-01
7.921797152913837570e-01
8.209256016783587073e-01
4.518443482110447995e-01
-2.884165008524068874e-01
9.715613802449689640e-01
8.342009354100070606e-01
6.129515871894120060e-01
8.134861112321521981e-01
7.999142454126410007e-01
-2.338936103053668170e-02
-3.586592990361570643e-01
4.973985452434770416e-01
-4.170964105220154594e-01
8.387776838388555367e-01
7.799077253051939218e-01
-3.008231804685433941e-01
8.890346542154254905e-01
8.151634808473524618e-01
8.249738760117902858e-01
8.624245616038027640e-01
5.298897074332690194e-01
7.442425111203831989e-02
9.912373430789354067e-01
9.329017187550066037e-01
-2.379730170542068701e-01
8.495545024376044418e-01
-4.971970191829982455e-01
9.334877190914794287e-01
5.861058518296234920e-01
4.670137388674440726e-01
-4.749044246605595987e-01
-3.935152150152562145e-01
9.387374829130759046e-01
6.155106562621548427e-01
7.756379572453627746e-01
8.358845822381673063e-01
-4.269147683127251236e-01
9.117868545848089035e-01
3.753858639829563693e-01
5.101744931197533806e-01
4.301588337286401664e-01
8.317644763056145640e-01
7.645342110728066132e-01
7.352032428852248724e-01
5.780166321204658342e-01
8.236594594125505875e-01
4.313662197929410969e-01
8.659945559298453110e-01
-4.940786652216638264e-01
7.812146740146282964e-01
6.983555395503541208e-01
7.026667032324579454e-01
-9.561880509961135921e-01
8.372047556480816111e-01
7.251390850151455680e-01
8.137409253506424633e-01
7.921440467013853848e-01
8.182775774536713564e-01
8.082543811237598019e-01
9.570854743925792940e-01
7.023634582378541769e-01
8.193397000338220604e-01
3.856793824064848608e-01
8.704841945144755622e-01
2.364591866610744053e-01
4.105385168765913750e-01
4.303402753677434411e-01
6.657916303289362903e-01
8.067541833693583353e-01
7.372067594168580928e-01
8.029295959628706125e-01
7.585009813258057898e-01
3.285158570976458581e-01
4.893598390653584040e-01
7.011523019282885905e-01
7.052041230570716968e-01
7.831337197554083529e-01
8.507187835257412623e-01
7.973235938643700171e-01
5.343171553901635562e-01
9.085565557199989373e-01
7.982597023297111072e-01
8.184546936990222399e-01
7.850404302368237941e-01
8.352614422071454880e-01
4.372531861054606006e-01
8.260621758699732142e-01
8.183442038436846699e-01
6.809652239072814250e-01
8.311964319187326034e-01
8.337146245849466064e-01
3.999259777061063836e-01
8.917463028708576545e-01
-5.289605250553903737e-01
7.258691464719426722e-01
2.599523467781297281e-01
4.840623294512050867e-01
9.199413399851267270e-01
7.990675120004048226e-01
8.196238197125537139e-01
7.096298770624059893e-01
7.683777671363176687e-01
8.181624633437207805e-01
1.401314311721038042e-01
3.236205734083949515e-01
1.983854257714610103e-01
7.893737788867696281e-01
-4.204600479681985803e-02
7.660887247800949318e-01
7.881375057944569607e-01
7.936574273085233999e-01
4.270470203828619082e-01
5.932865719928507309e-01
9.576225041772528090e-01
2.021913242733557881e-01
8.112056996634292583e-01
3.865249012725180400e-01
-2.192541753431486717e-01
9.895437635780273133e-01
7.104918250364741228e-01
7.829319105920791166e-01
7.980007965215084598e-01
7.133716694364602429e-01
6.528369951508119495e-01
3.567145718157022083e-01
7.267233732825286729e-01
7.944386264189070568e-01
6.197406734863715183e-01
7.426791235303100702e-01
7.967931177241028839e-01
7.829092459567200679e-01
7.097927807793842359e-01
5.939662366334839128e-01
7.734036032169329111e-01
6.514204128792611126e-02
5.805741760734296486e-01
7.866075519423177953e-01
7.873120197952875321e-01
6.980548906638571749e-01
7.885282921154154190e-01
9.264137904083518116e-01
7.921638102112130708e-01
7.036172899775527956e-01
7.902261892362664186e-01
7.553096182824868832e-01
7.940369982959626372e-01
8.086693800725677228e-01
4.268316619489040953e-01
7.821728199013472382e-01
7.829589594333904445e-01
7.824040161599860044e-01
1.569357470027286094e-01
7.914032889203880261e-01
7.143228322892345439e-01
8.386069669129131432e-01
2.615033631051962848e-01
6.825114381963368615e-01
8.694080130668718764e-01
9.136279917978969989e-01
-1.338483785407766913e-01
-3.785571759733435959e-02
7.600780020007374960e-01
-3.453181539081813245e-01
7.830125885017515941e-01
7.869442146382479297e-01
9.394300683648506567e-01
8.734355453346791531e-01
7.942125991618255165e-01
7.855241755855124630e-01
8.966559324076472937e-01
7.881202316019875198e-01
7.834129206783883026e-01
1.460487668027249941e-01
6.430999048965061471e-01
7.822865721961478336e-01
6.656439964745286542e-01
-6.886866245584175594e-01
7.876399654941810269e-01
7.429697637291888812e-01
9.922775542458173170e-01
7.864472113289077138e-01
7.751708208364185282e-01
-5.957568582747045927e-01
9.185600756570408976e-01
2.059411699543900465e-01
7.816327077558407055e-01
7.823500023708684914e-01
7.833871968722281309e-01
7.822834493775282505e-01
9.494315442543421746e-01
7.822824080613700604e-01
-6.244085701356514306e-01
5.786107621733198592e-01
3.043279799932182561e-01
7.807992432971468943e-01
7.822755239845132769e-01
7.829825720943384137e-01
-8.509790939965968803e-01
-6.807741895308997426e-01
-8.221117357151274119e-01
-9.663677490704951634e-01
-6.730367484239111464e-01
-6.618650128912180186e-01
-8.193549497188972186e-01
-7.919045261268404801e-01
-7.836503355654631520e-01
-6.198018066705879292e-01
-8.897740103432738579e-01
-7.904319398633999905e-01
-8.101769348450207353e-01
-9.568928363619599864e-01
-8.276159073973928804e-01
-7.280215228386256454e-01
-8.057735525686314793e-01
-7.623011967599978567e-01
-9.327827416630749546e-01
-8.194785420415972022e-01
-7.903632370286692854e-01
-7.727466326952896480e-01
-7.973780862231734101e-01
-8.847656916995965126e-01
-7.603426278613696354e-01
-8.576724477273798275e-01
-7.444125158525034536e-01
-8.382779622888008042e-01
-8.550418339274381552e-01
-9.015803176970706989e-01
-7.700144598439340182e-01
-8.472281004124657677e-01
-6.907609451322244132e-01
-8.756431971438840556e-01
-7.815396693815326312e-01
-8.174612074371141457e-01
-6.872627338347888637e-01
-8.007363291751101730e-01
-7.768267002399772414e-01
-9.402116724835581918e-01
-7.053902494647390498e-01
-6.519924864937910458e-01
-8.252684155951092171e-01
-7.659712627583658007e-01
-8.890812910349995546e-01
-6.554046432678581890e-01
-7.002531552332740272e-01
-6.807548512218253300e-01
-7.003274097188602054e-01
-7.908318080521368199e-01
-8.224300529288507411e-01
-7.690351726915457542e-01
-8.413350699498715057e-01
-6.356153812764758770e-01
-6.496205108640460413e-01
-9.038301578884985199e-01
-8.411121307018631921e-01
-5.998014284128824203e-01
-8.392613452529019691e-01
-7.896492314301865045e-01
-8.494187737017688811e-01
-9.058326584476396048e-01
-8.333655854992154666e-01
-7.922025987761828203e-01
-7.665389502701452917e-01
-8.793458817451451637e-01
-8.444314050515917547e-01
-7.845048103247167504e-01
-6.744995449481228089e-01
-7.557328009640997823e-01
-9.908836291558587028e-01
-9.168908110724893756e-01
-8.133359048782093925e-01
-7.719838857239370578e-01
-6.374893661716808380e-01
-6.641479252580770876e-01
-9.197745403324797397e-01
-8.429312374931127172e-01
-6.401759908381496889e-01
-7.760351004456527146e-01
-6.868341292863086034e-01
-9.115523702344072721e-01
-9.076739625423420055e-01
-7.710653088685855971e-01
-9.686685753105566121e-01
-7.895694393714228765e-01
-9.945123520522651805e-01
-7.525595675010610108e-01
-8.435158456233804447e-01
-7.891685588124932593e-01
-7.732946760172730860e-01
-6.347347304929065182e-01
-7.791198454905964299e-01
-9.496908900842586654e-01
-6.954984992510298003e-01
-7.595812474831119543e-01
-8.016842141045341652e-01
-8.387652089403234701e-01
-7.478426356344122228e-01
-7.595308656893660082e-01
-8.009047521603117614e-01
-8.420363974452363953e-01
-7.088812341771010272e-01
-7.961122329100343009e-01
-7.625230379197907027e-01
-7.971581175821152998e-01
-7.994353355221331947e-01
-7.668446401892632380e-01
-7.839390398126725445e-01
-8.323339436701722160e-01
-8.745649301507141260e-01
-7.787730625409855501e-01
-7.691257590711134684e-01
-6.901613194313462873e-01
-7.521136371802406018e-01
-8.572889980989381042e-01
-8.336054108992829725e-01
-5.694249113593543576e-01
-7.619990294335141634e-01
-7.798912097968437873e-01
-8.680973548565001918e-01
-7.656111233958659001e-01
-9.334913468548240445e-01
-7.587957048613522826e-01
-6.499237728972068195e-01
-3.895058310961854176e-01
-6.546829238015157149e-01
-7.662488212898900253e-01
-7.719426102937975154e-01
-7.611014384457197579e-01
-7.643749851599639378e-01
-8.416685043718311610e-01
-7.268581495763833944e-01
-5.653798532833653745e-01
-9.680473421615890528e-01
-7.611743836418126685e-01
-2.424880479192010885e-01
-5.801196030231613454e-01
-7.519182055180075874e-01
-7.344292529025279181e-01
-7.732593459844530059e-01
-7.617810125246463615e-01
-7.557864070756105113e-01
-9.614003820262807531e-01
-7.593289503138448415e-01
-7.617510463207627369e-01
-7.549384003277167521e-01
-7.660366472549465788e-01
-7.891754422638697086e-01
-7.609470415483556849e-01
-7.990862059261598649e-01
-7.595482476015473772e-01
-7.273890730159254803e-01
-7.691900948936144511e-01
-7.622764169329031558e-01
-8.770323494196730074e-01
-6.612870347650033898e-01
-4.965010133102273349e-01
-8.268438827268835833e-01
-6.228490362099434741e-01
-7.707921709167409041e-01
-7.793271402542018000e-01
-7.297624301938355762e-01
-7.596377605248099130e-01
-7.957640894827093803e-01
-6.535167042100119561e-01
-7.526411399804926461e-01
-7.479949210387948355e-01
-7.917858372495790720e-01
-7.824304774300079313e-01
-7.843333897391323584e-01
-7.641748067194686911e-01
-7.165607831708070696e-01
-6.389619892143429958e-01
-7.652195272789287239e-01
-7.542568305751973234e-01
-7.291472975921859945e-01
-7.649963320168344794e-01
-3.910825551075935436e-01
-7.621100957659099340e-01
-6.690447365590586060e-01
-8.805902791045037148e-01
-7.744588671457424134e-01
-8.892326888089571169e-01
-7.667099811687431155e-01
-7.620497873314520110e-01
-7.612608993988341233e-01
-5.893200325681333673e-01
-7.640887643941839391e-01
-7.615699073972849176e-01
-3.532381891785953965e-01
-7.478137534211828363e-01
-7.631547943390710742e-01
-7.601582164790922080e-01
-6.447546762545467436e-01
-7.980513817203790383e-01
-7.478985380348566192e-01
-7.735256005478148289e-01
-7.633798268163966005e-01
-7.596428816240947679e-01
-7.609443600867258350e-01
-7.431990119483976587e-01
-7.584318912132828050e-01
-7.574655932068644626e-01
-7.619608038407789108e-01
-7.469641273094591583e-01
-7.598296634923964454e-01
-7.627467869615391916e-01
-7.599718326457718387e-01
-7.510924117075041817e-01
-7.823354173910109788e-01
-3.308862901318068150e-01
-8.058479113938022964e-01
-7.697158626749118771e-01
-7.578886879332101811e-01
-7.115760685601715263e-01
-7.611061582896649913e-01
-7.595551044311180666e-01
1.952486616071558156e-01
-7.601084473296301214e-01
-7.371860088680961542e-01
-7.573729014380294888e-01
-8.271961731492717407e-01
-7.617415048166874536e-01
-7.468052862057503738e-01
-7.619095972099768632e-01
-6.397103541581039554e-01
-7.776488447715524943e-01
-7.627433657111060139e-01
-7.885420583520612592e-01
-7.603199673365946820e-01
-5.427594695043521655e-01
-7.519365394418673354e-01
-7.751293076195774345e-01
-6.845788666719635485e-01
-7.768123002015809853e-01
-8.183910413826729346e-01
-7.674592600831127154e-01
-8.136122860636821885e-01
-7.590166988662074843e-01
-7.613339815181715542e-01
-7.595595423399874591e-01
-7.587273184073259902e-01
-7.518546130579512043e-01
-7.595466066977506481e-01
-7.613939899915947995e-01
-7.605131220306170503e-01
-7.604212261641147830e-01
-7.609298470225017708e-01
-7.658062743732054756e-01
-2.068511908495574425e-01
-7.606084599400187995e-01
-7.470183709715233489e-01
-7.604267770839603369e-01
-7.565688400255935475e-01
-8.078577075011122988e-01
-7.463402023264168461e-01
-7.597528834039484202e-01
-7.587335726801273106e-01
-9.410125567546658854e-01
-7.577981402008012735e-01
-7.524583764688125287e-01
-7.596237274236485870e-01
-7.580956751744594158e-01
-7.491456233646021090e-01
-7.720739904201371351e-01
-7.602020610679895984e-01
-6.681500423139997702e-01
-7.656019386277548300e-01
-8.066720694965403560e-01
-7.640880976619429665e-01
-7.417045978509499982e-01
2.022152904161504949e-01
-7.591608020136521029e-01
-7.594068446579156362e-01
-7.824047058194644189e-01
-7.586911340938280457e-01
-7.610596668744066262e-01
-7.596122896644078581e-01
-7.599025893421850197e-01
-7.616545866436524870e-01
-8.641675825434432801e-01
-7.588416661388348583e-01
-7.598405743832210568e-01
-7.669929179925052409e-01
-7.671592683554881997e-01
-7.595482781290617824e-01
-7.649321478333386271e-01
-7.680914560402868352e-01
-8.446973479338999446e-01
-7.600007293270141240e-01
-7.640997630874744040e-01
-7.479322949707283286e-01
-9.956130723948048988e-01
9.154289666332598996e-02
-7.595740165541391420e-01
-7.696793185659804859e-01
-7.600228838411730026e-01
-7.604026520316941040e-01
-8.257330625483971787e-01
-7.503730577256136902e-01
-7.528966661752698464e-01
-7.602630655174836827e-01
-7.606989385963631722e-01
-7.597122493431723855e-01
-7.595468396892762764e-01
-7.597821733954415180e-01
-7.593524317055845296e-01
-7.598254460337169336e-01
-7.598841326824197218e-01
-7.644795608434576950e-01
-7.443082199806001498e-01
-7.348233360471175812e-01
-8.828597483820697089e-01
-7.769387943045568123e-01
-7.483578989559697137e-01
-7.593061192437176032e-01
-7.602440068846045840e-01
-7.595584873658354219e-01
-7.238905386351216498e-01
-7.596084290625424451e-01
-7.550751753210742656e-01
-7.594827960202726880e-01
-7.638784572707334464e-01
-7.649540927722866535e-01
-7.530102457813662165e-01
-5.787067989401956103e-01
-5.857663057888800040e-01
-7.640654737116577833e-01
-7.675137862419570967e-01
-7.243887264960715555e-01
-7.595586606481864456e-01
-7.597265159520556477e-01
-7.595968980960334793e-01
-7.379972584732805707e-01
-7.595610465241580123e-01
-7.607104539697641110e-01
-6.953990737779028874e-01
-7.612193085473747400e-01
-9.609041385771088795e-01
-7.878862600684428674e-01
-7.580273431565499598e-01
-7.596033985011372280e-01
-7.596047368952244527e-01
-7.588053831858223575e-01
-7.595573568609842452e-01
-7.590879277095280431e-01
-7.937389126083327362e-01
-9.149167344243170907e-01
-7.559765049956578276e-01
-7.005324582517116205e-01
3.191481922402772398e-01
8.075766415104737028e-01
4.461145402117990821e-01
-4.370784918476395831e-01
-7.442162158107803460e-01
3.748838164991543653e-01
-5.463034087680685991e-01
-7.503534462763439272e-01
6.145924213194136065e-01
3.320798069938209474e-01
-5.643322590655013293e-01
6.737026398690164619e-01
3.794478722114345559e-01
-1.949878592584621817e-01
3.597734479235103477e-01
4.634646639356706510e-01
-8.088823575588017789e-01
6.410974604640111707e-01
2.264695556196039128e-02
3.231338158861993826e-01
3.105380027500007634e-01
6.248871730076286379e-01
2.299438935912867521e-02
4.820458959314816161e-01
-7.615821604202024364e-01
-9.011255734633758507e-01
3.805795628590290525e-01
8.199880962363794712e-01
-9.716959495380224077e-01
-6.295091715273084532e-01
-8.994551469844939140e-01
-1.112417352795926906e-01
-3.766463155498827042e-01
4.075981346829296581e-01
2.014358866119891900e-01
4.706109364122060823e-01
-3.633551574778604021e-02
7.158641604342137477e-01
-1.413185124148736427e-01
4.082520164604438451e-01
7.395822772081993568e-01
9.856738078644975420e-01
5.406785226247257103e-01
-5.546483523341577682e-02
-2.158612669924521166e-01
1.544817828892790512e-01
-6.612940181959607866e-01
1.087793358326076820e-01
3.793348537812546994e-01
3.513631844765905399e-01
2.507925517839383334e-01
4.067903543423714852e-01
-3.232490818411617450e-01
4.444564937745374422e-01
-1.143904537002445043e-01
2.402331607510289624e-01
8.058291674072356470e-01
-1.503561237788583194e-01
-3.950667975779363628e-02
-4.199093444940803499e-01
-5.429937081559444989e-01
4.034901825732509217e-01
-5.596464354824142173e-01
6.048885739089793212e-01
4.976234116132538521e-01
-3.188650453429667936e-02
3.598704321658401928e-01
-1.888566182853855246e-01
5.091711857469561897e-01
3.673537545351635569e-01
2.654317022389601766e-01
4.313829310928880001e-01
3.875220509761403420e-01
4.077628117240379990e-01
-3.173236313160814892e-01
-4.103166026538940248e-02
5.057522203802498062e-01
-2.672302962141945848e-01
2.548731956181813363e-01
3.964477895112482608e-01
-4.306879246076877887e-02
4.598620764276360462e-01
3.594117195826518896e-01
-2.155518972607329831e-01
3.116799112643039993e-01
3.690789599771041596e-01
4.967795156470847795e-01
3.419168949452593420e-01
3.566977943754427449e-01
1.829328381118430213e-01
3.408837251738627838e-01
-2.447437697523982270e-01
5.056340616812541322e-01
2.811032614577533284e-01
-7.859061290725014581e-01
5.217101693653792838e-01
-1.029675086544398488e-01
5.547164390300969306e-01
3.789238317628854102e-01
4.086106055481920074e-01
2.001673051603101439e-01
2.832116256686372235e-01
-9.410078517522353359e-01
4.081088521320261897e-01
-3.307012658475453892e-01
4.169010043051708525e-01
3.445219026531090023e-01
9.164086665619688432e-01
2.452609055243114011e-01
4.482427645037401209e-01
-1.252903592470429595e-01
5.231854108341261744e-01
4.982947455185313679e-01
7.324784604393907994e-01
3.669744256752988099e-01
4.163960722635393630e-01
-6.559774770993342941e-03
4.240960021249168821e-01
1.163367503812282600e-01
3.548152504706114652e-01
3.024106151370696272e-01
3.754973579980528386e-01
4.264379171850317118e-01
-7.501853645290945671e-01
5.384982822934101243e-01
4.093789712155662674e-01
2.150002914161081025e-01
9.880471783170953204e-01
3.388438247228587885e-01
6.941384130655642304e-01
1.306350024121869235e-01
2.831345011166280790e-01
6.735857804806850702e-01
6.849699874586936410e-01
5.680594881394642748e-01
2.492484960895482160e-01
4.423543544740647371e-01
3.202507466519509682e-01
4.244358230035879531e-01
-6.858377841169183142e-02
2.831590086627417957e-01
-3.766402718864241272e-01
3.899054446352998027e-01
4.088066293630219228e-01
2.526964931736677134e-01
-1.653291331611106973e-01
4.101449174888494031e-01
4.485277129224621850e-01
-8.553792872088572530e-02
3.800069066038346266e-01
3.728912250659318639e-01
2.972546954611408609e-01
3.614953190591055354e-01
2.757726728948913797e-01
-2.411449160107187462e-02
-1.777674200313321684e-01
3.944599611855991173e-01
4.448124056881231914e-01
1.433486982517099828e-01
5.843036594296731057e-01
2.251885240164742119e-01
3.880544811469784916e-01
3.991711398331755367e-01
2.868123449529864089e-01
9.314438275246511578e-01
2.835714805115390758e-01
4.115620083924879657e-01
3.664704483630977228e-01
3.649121600737970650e-01
3.232713011425578098e-01
6.647179570041048535e-01
-1.585018524746878432e-01
4.002796137310799529e-01
-3.577041803123526265e-02
1.460187396150831596e-01
4.089269615562125537e-01
3.942934873413581065e-01
7.109872925973131919e-02
4.020449435897469614e-01
4.050797934638795672e-01
-5.580521221102043850e-01
2.472392192627190788e-01
4.111885104642329924e-01
4.305618087126543703e-01
5.100275588147182848e-01
3.880355680392778561e-01
3.999217331117575491e-01
2.896040516158399081e-01
3.227657130249458328e-01
9.765221415563403173e-01
3.218449860909479154e-01
1.545896268712488308e-01
4.645656885511672551e-01
-8.569985949422609384e-01
4.513540283926772423e-01
-3.156927054458608106e-01
4.520106369398880775e-01
4.004816731853955702e-01
3.944439826146932671e-01
4.375141430630520301e-01
4.788377741989976455e-01
4.087284822887944924e-01
3.615276993788089088e-01
-3.022724193376853941e-01
2.277712224533244567e-01
4.111969019789001312e-01
4.580285899390617588e-01
-6.253575646864595328e-01
4.155706377534722495e-01
8.839962145696353968e-01
4.008739861307483721e-01
4.096868858563889604e-01
-7.939255301023817601e-01
4.114688235318689769e-01
-1.804252652545651481e-01
4.727662739869595843e-01
4.056055013127049524e-01
1.717434460874177893e-01
-5.827375924930189299e-01
-5.559755609751074745e-01
-6.885427688217273801e-01
-5.846609094334378476e-01
-5.605877093345578155e-01
-5.880812158892420038e-01
-4.039718118342032760e-01
-5.584826719617504986e-01
-5.741514285923515759e-01
-5.981089015866883907e-01
-5.947052624982653857e-01
-5.558473455867994906e-01
-5.813995710385404525e-01
-5.021306596787400434e-01
-5.342635992466242545e-01
-5.476808944851152550e-01
-5.656399811252403875e-01
-4.714112082430502726e-01
-5.623952262674875024e-01
-5.737784782652995963e-01
-6.006532561079397370e-01
-5.949917822958240565e-01
-5.472676832146330383e-01
-5.183968524026641989e-01
-5.822010348106160249e-01
-5.541488178945082055e-01
-5.885898122929397180e-01
-5.325612772972869724e-01
-5.876640552582796939e-01
-5.899651222148978302e-01
-5.851507807947128326e-01
-5.809428590473063592e-01
-5.646584136562398104e-01
-5.606852968904889600e-01
-5.376038065324815207e-01
-5.758957203286647619e-01
-5.423732011122108787e-01
-5.454657891556684568e-01
-5.743985895231088490e-01
-5.833855625371341391e-01
-5.618121743421735648e-01
-5.609016065715588528e-01
-5.818563019051512519e-01
-5.887410150029993572e-01
-5.746703895166472842e-01
-5.833823980699975875e-01
-6.125414756721795362e-01
-5.804920475962324078e-01
-5.516625703769737488e-01
-5.839137238550874409e-01
-5.635174057908705070e-01
-5.431308585832532732e-01
-5.672462387665497818e-01
-5.708897581850369551e-01
-5.875231023375226957e-01
-5.941518792681984573e-01
-5.615783541719493455e-01
-6.758769064205623067e-01
-5.376009500264209429e-01
-5.398349077198016932e-01
-5.859100169363301580e-01
-5.454348758945020137e-01
-5.437530568489420402e-01
-6.053570973937447697e-01
-5.650725747513728470e-01
-5.778350941721166478e-01
-6.138988684278070540e-01
-5.776194153521174712e-01
-4.863249478557107319e-01
-5.787208045230357589e-01
-5.876002418729798782e-01
-5.591523688547996862e-01
-5.821354878762818874e-01
-5.919687919530565168e-01
-5.944961113321183266e-01
-6.220779519459720408e-01
-4.585344168766402051e-01
-5.623370194341927863e-01
-5.458837484542523599e-01
-5.348320841634873757e-01
-5.783112889259762746e-01
-5.824280968356043697e-01
-5.661853611937627262e-01
-5.473753565696387602e-01
-6.132465356896286135e-01
-6.818329376229785854e-01
-5.554613618412268528e-01
-5.508145881260303467e-01
-5.539707297211902137e-01
-6.141378750246220264e-01
-5.831008285511325440e-01
-5.575591451373376195e-01
-5.611489064814065841e-01
-5.728668830131878886e-01
-5.853238218002605464e-01
-5.895516918693654018e-01
-5.716586511596388753e-01
-5.604767649725185263e-01
-5.646399222679251428e-01
-5.951691083020795858e-01
-5.211740401218715180e-01
-5.686108808829117844e-01
-5.612310916543501449e-01
-5.605897503011891825e-01
-6.607924656323435064e-01
-5.632434084298582055e-01
-5.749355380573268892e-01
-5.561889352713067503e-01
-5.841282141826065200e-01
-5.602101264295535898e-01
-8.338154327209075234e-01
-5.584322936254967340e-01
-5.602133797728851006e-01
-5.413766504814664371e-01
-5.599336790065544411e-01
-5.662781217311564363e-01
-5.729633440134415112e-01
-5.475163717857565171e-01
-5.943135332031582729e-01
-5.590566576286942757e-01
-5.727306174049279219e-01
-6.003591048586023327e-01
-5.599784609749915987e-01
-5.862853989624480233e-01
-5.538544575352231103e-01
-5.713508294685710753e-01
-6.096714946722354700e-01
-5.705852375683426736e-01
-5.552419964415379328e-01
-5.715532990093920018e-01
-5.445935144086698765e-01
-5.774085315805990160e-01
-5.228756573071848823e-01
-5.553479385893107523e-01
-5.705779659454782715e-01
-5.450287226175993816e-01
-5.774164397204902821e-01
-5.610392364731305870e-01
-5.600143142370913596e-01
-5.636077177038830710e-01
-5.789374378171310287e-01
-5.643928083765069603e-01
-5.618321596939085394e-01
-5.489920543143936849e-01
-5.696953093430892068e-01
-5.692897953888139684e-01
-6.004808685582465611e-01
-5.762945688009818435e-01
-5.567664020280932435e-01
-5.145597615797288249e-01
-5.685012335002995743e-01
-5.530353945856070208e-01
-5.595187467203721621e-01
-5.653899678801048712e-01
-5.616863274372938530e-01
-5.542529321509617191e-01
-5.966264755498235095e-01
-5.605393218186468518e-01
-4.864470033363477719e-01
-5.599129712990278396e-01
-5.530324910015912421e-01
-5.696080025642945577e-01
-5.604006457099970362e-01
-5.581794440777821942e-01
-5.611545186711546229e-01
-5.607955452065721547e-01
-5.601328449756434180e-01
-5.482072967938328434e-01
-5.771545356076634992e-01
-5.398465704761342687e-01
-6.123466774975216964e-01
-6.317597493151292376e-01
-5.596799399585846713e-01
-6.079196879845309986e-01
-5.805678117456041232e-01
-5.948855342434142823e-01
-5.594768603445505750e-01
-5.600497173799772188e-01
-6.168654763433263355e-01
-5.602448075516586190e-01
-5.596397160780898217e-01
-5.768349324762062080e-01
-4.899872309048917129e-01
-5.878365576013930838e-01
-5.686904971783327545e-01
-5.694008812487385551e-01
-5.260689442077374212e-01
-5.664197138167310630e-01
-5.641883820383251091e-01
-5.741092086430875652e-01
-5.455552687255770250e-01
-5.515008374275375269e-01
-5.736625155944818921e-01
-5.602252508258508401e-01
-5.719636570184363222e-01
-5.660095393086003179e-01
-5.652013026148194896e-01
-5.597738489960573105e-01
-5.495904745361924748e-01
-5.576103981822039257e-01
-5.612310425575912642e-01
-5.526874405625876729e-01
-5.648111956576229442e-01
-5.145670132387402118e-01
-5.597329945486481106e-01
-5.597054162683066103e-01
-5.621631834017722928e-01
-5.507831821876397749e-01
-7.441383128009225745e-01
-5.596351029073276528e-01
-5.593920439833922620e-01
-5.640531022944050843e-01
-5.680307851563024535e-01
-5.908055392686781815e-01
-5.597568241203916273e-01
-5.527743853521984718e-01
-5.587550405319718916e-01
-5.607333723327113661e-01
-5.633566155801665865e-01
-5.581075060981067759e-01
-5.603056163566874082e-01
-5.614467324966049278e-01
-5.599805704936970940e-01
-5.596401220294253687e-01
-5.618877904683513558e-01
-4.942929501265862502e-01
-5.701754730984525121e-01
-5.450214057357648523e-01
-5.476486901964192633e-01
-5.695863439511167359e-01
-5.606433291840702271e-01
-6.280345938749057888e-01
-4.756860886786405396e-01
-5.699485395289800582e-01
-5.941658132215772437e-01
-5.596367379793496522e-01
-5.944329923261019166e-01
-4.030461869656638552e-01
-5.597584681169656129e-01
-5.603181095612448370e-01
-5.170605069231887230e-01
-5.596252645023855887e-01
-5.597563655553638995e-01
-5.596646331041944533e-01
-5.467036723308232871e-01
-5.625348236591888318e-01
-5.519514783891055210e-01
-5.593991046207144047e-01
-5.596468999190669091e-01
-5.646550204957535568e-01
-5.585474280185105389e-01
-5.860699420294306350e-01
-5.597832428598037424e-01
-3.630938482117040955e-01
-5.552087378976457988e-01
-5.750576824180326785e-01
-5.598413373217225875e-01
-4.883687875367599962e-01
-6.070029089336940187e-01
-5.604909948159435551e-01
-5.689827276538056422e-01
-5.596428893161369267e-01
-5.613896516303297224e-01
-5.589948475093454716e-01
-5.596343269255711350e-01
-6.134308697842143498e-01
-5.494889019489578308e-01
-5.597359872470392128e-01
-5.615552637248145684e-01
-4.911319302545785193e-01
-5.612844961550980116e-01
-5.486004390726689772e-01
-5.604470289183911547e-01
-5.573506594812890347e-01
-5.272167644018518340e-01
-5.656827546638784066e-01
-5.646961135636919815e-01
-5.613787288573717227e-01
-5.448178149334305109e-01
-6.129058028652493162e-01
-5.600362359337590634e-01
-5.535977843609374283e-01
-5.376006772981868354e-01
-5.569501655549714547e-01
-4.276950139625054215e-01
-5.596387213995897003e-01
-5.597813642980381532e-01
-5.516999250141489952e-01
-5.599932505199681776e-01
-5.596822074648870604e-01
-5.517866079540278967e-01
-5.514619767159374408e-01
-5.598936075922327227e-01
-5.599854444658989294e-01
-5.743346306577378213e-01
-5.363990378610974386e-01
-5.033533624232418013e-01
-5.613232948761874841e-01
-5.588394722855519747e-01
-5.626865349448526565e-01
-5.553077377556816518e-01
-5.546249241875368385e-01
-5.587661207978984468e-01
-5.590432782476534301e-01
-5.598023355570815873e-01
-5.604321695672098702e-01
-5.342052475767680164e-01
-5.183498293238674171e-01
-5.596448772426704243e-01
-5.302639535870798948e-01
-5.587577971107694497e-01
-5.455818249907848916e-01
-5.670623270473211797e-01
-5.593271017416110436e-01
-5.641701088018213905e-01
-5.580094824960594169e-01
-5.634009048501777972e-01
-5.600393833046956038e-01
-5.611534459381196660e-01
-5.597874003222480521e-01
-5.265876898234427284e-01
-6.048684950887279754e-01
-5.590253420044560828e-01
-5.600100891707071593e-01
-5.596610328408178070e-01
-5.709757326346703854e-01
-5.596451913634407083e-01
-5.543441101263266724e-01
-5.616468877444823482e-01
-5.625447603208123537e-01
-5.353688975895566360e-01
-5.567924510864261656e-01
-5.594571809048366484e-01
-5.559398091332788949e-01
-5.785375106921031296e-01
-5.592671227127269384e-01
-5.608385218128073557e-01
-5.596737536601726903e-01
-5.596718388462103011e-01
-5.634251633472424636e-01
-5.586738399888504514e-01
-5.596216999793927060e-01
-5.639299556869462604e-01
-5.587489289014628824e-01
-4.472152360916306080e-01
-5.349468105826066244e-01
-5.596532736981832956e-01
-5.593136012703137094e-01
-5.607932871846366130e-01
-5.596453058056615193e-01
-5.596082471997979590e-01
-5.630813693843779166e-01
-5.766289437733927992e-01
-5.618236892391821335e-01
-5.593653282885714395e-01
-4.666721507786144585e-01
-5.596506981106084133e-01
-5.595593591080262330e-01
-5.622065966480648269e-01
-5.596452628489558823e-01
-5.583005150519794180e-01
1.493633916674621531e-01
-4.818375912070502198e-01
-5.746454132465360631e-01
-1.818605730033918677e-01
2.664257904669640742e-01
-1.696650136760216032e-01
-1.760134163136097829e-01
4.629854221743417986e-03
-1.454541173321577396e-01
4.872819191893295043e-01
-1.668629521338700350e-01
-3.039145084714783285e-01
-2.091502033114746584e-01
5.332759554478623543e-02
-2.789908056040771300e-01
4.291519796314256507e-01
2.020574343597388578e-01
-1.137678592178692910e-01
8.066772585906891724e-01
3.611355949150346634e-02
-1.484857788283009405e-01
3.858833736573609730e-01
-4.049686397758717749e-01
3.309845064313429730e-01
8.754074104886516716e-05
-5.798423722103954181e-02
3.363441309545609492e-01
-1.125229483675986297e-01
2.791092967848555761e-01
9.717812682998061558e-01
-8.346758091658715295e-02
1.934104388678559716e-01
-7.982178760619640379e-02
1.682821615610700094e-01
6.479798642301805300e-02
-3.784921882738427612e-03
5.887906753176611052e-02
-2.051485980171250112e-01
2.822724474609900058e-01
3.479740091034943528e-01
4.697836108202865235e-01
6.651017065081886726e-01
-2.245613219408219008e-01
1.149949967972750398e-01
4.760051834967322926e-02
2.836039404189363844e-02
-4.372374505205154915e-01
-3.369130815175277460e-01
-1.571687132279865895e-01
-7.475805367172055904e-02
1.046745279829749131e-01
4.671143796613362875e-01
-9.529354923579669290e-01
-2.624550051043740839e-01
2.422696734517758022e-01
-2.821359518856711990e-01
1.169236778708206970e-01
-4.417452555234793188e-01
3.088101091015327260e-02
-2.820393870279569448e-02
-1.460162804080810672e-01
-3.202277533050252867e-01
-2.168254543898317788e-01
1.212327533232973875e-01
-9.071826399386703765e-02
-2.186604716060722153e-01
-1.513388365593191509e-01
7.934000788304407248e-02
9.638829117229288923e-02
-1.843710030099021402e-01
-8.896833220023565858e-02
2.109655214000602519e-01
-3.155458023236114573e-01
-1.663312438393046988e-01
1.784551675104320001e-01
-7.305800979518287108e-03
-1.647315146577690848e-02
-3.322500757802565596e-01
-2.210154545021233707e-01
7.874969254554295417e-02
-2.546771053695870979e-01
-2.733242036094346017e-01
-2.579645540614530219e-01
-1.066708712729892705e-01
-1.197429150249897239e-01
-7.806817419920850654e-01
-3.522202151612803256e-01
-8.405359827857089572e-01
2.426069784303636068e-01
-7.404103000572490045e-02
-1.289529818627149771e-01
-2.230876663514435865e-01
-1.416522134675226030e-01
-2.917967347526829736e-01
-3.541596244892616374e-01
-1.063066530890852956e-01
-7.662350885394197952e-02
-6.963090749799402679e-02
-1.425627347387565247e-01
-1.957383836152675749e-01
-2.402689686763928023e-01
-3.733312241868482206e-01
3.070447817707561700e-01
-8.333014742456381629e-01
-4.111518388222226705e-02
-1.327538939810037899e-01
-2.155631216739072042e-01
-4.544281445928413654e-02
-2.067498871642812763e-01
-6.763811876024917319e-03
-8.386660795958447157e-01
6.283125377143714552e-01
-1.504170757837985373e-01
9.711920115821239818e-01
-1.855579789466056395e-01
-2.131688837813770221e-01
-2.359087222627544722e-01
3.273404038565463359e-01
-2.599926271776518694e-01
-2.247924718974440572e-01
-3.729317925237966014e-01
-2.593049041553046052e-01
-1.509072431357655897e-01
1.606997087975492733e-01
-1.600195189889681568e-01
8.914407534352496443e-01
-9.277208698355403349e-02
2.423738942059604218e-01
-1.991104179626381199e-01
-4.319119226372258313e-01
-3.665266396996827991e-01
7.090749684974978484e-02
-3.300215849567699755e-01
-2.317320842319816887e-01
-1.419595165139682647e-01
-2.478858223528961346e-01
-4.358696620307614400e-02
-6.261143287153767556e-01
7.789939854065851543e-01
-3.409520372665066357e-01
-1.206535125021869492e-02
-2.308990748494212653e-01
-1.966123460259222577e-01
-1.035749654330547082e-01
2.469145746912808914e-01
-2.237403943698648701e-01
-1.710203235690001544e-01
9.221824175614354302e-02
-3.572996227669298364e-01
-4.210747083285305559e-01
-7.243332313429275138e-02
-3.587808860875069117e-02
-1.486787656611740505e-01
-2.168967635739219579e-01
1.405791122895805323e-02
-2.140708599357695474e-01
-1.815158387314408373e-01
4.348723316398165339e-01
-2.029412874142638434e-01
-2.967518747543438362e-01
-2.192295759939288935e-01
-1.258769600355187368e-01
4.682827280300108641e-02
5.500031391760162869e-02
-1.666080008618046615e-01
-2.255895525385015754e-01
5.048126772987147071e-01
-1.051026099851119083e-01
-2.390904512427100559e-01
-2.252709705975934618e-01
-2.107875522998580720e-01
-5.274292675231895267e-02
-2.536292643333479258e-01
-3.780496341350458311e-01
-4.962590586726288722e-01
-1.894600816296864165e-01
-2.729721649978045228e-01
-1.202474151402748437e-01
-1.728332715746307702e-01
-3.126333307919303972e-01
-3.049223705435606391e-01
-2.323485544144431592e-01
-2.181950615008727001e-01
-2.352310242760054237e-01
-3.054273931849912915e-01
-2.244581474891345074e-01
-2.261555712435434906e-01
-2.134450142860916388e-01
-3.688048276611047283e-01
9.567533175638207044e-02
-2.104966766473788109e-01
-2.256677810641327386e-01
-3.627362010459702635e-01
1.196472351037858317e-02
-3.394028541121422993e-02
-2.214549400262562640e-01
6.981183002113278135e-01
2.183658139971764167e-01
-2.321817264188758279e-01
-2.407577715569170773e-01
-1.999499180251610164e-01
-1.936858667146249269e-01
-3.199303164486364537e-01
-2.049816193558822164e-01
1.975793354915309497e-01
-1.662220373988826383e-01
-2.128208643362135277e-01
-2.287738386553292147e-01
-5.264852087707105888e-01
-1.635490368069402733e-01
-1.609795466238757855e-01
-3.919794513098285305e-01
-2.524879266711999026e-01
-2.174720869624053865e-01
-2.448300737606745603e-01
-9.549249358065571569e-02
-2.597674086979297470e-01
-1.353880862083303438e-01
1.238585137634532068e-01
-2.269368178179327900e-01
-1.682053623427341993e-01
-1.992947109684072293e-01
-6.428912954336091223e-01
-1.537840001974582205e-01
-2.584133125599885061e-01
1.693011217946328306e-01
-2.263912161171873216e-01
-2.251111158198981221e-01
-9.079927926607550548e-02
-1.837316536299410108e-01
-1.420649718647490345e-02
-2.131513350078742819e-01
-2.320080463623491462e-01
3.899465724012841639e-01
-2.263952683589366965e-01
-1.055962869063554604e-01
-3.596121698433893954e-01
-2.259846556834121667e-01
5.110872185839210324e-01
-2.377012695153692678e-01
-2.261738860857337996e-01
-3.022850123272254885e-01
-3.452856633431022337e-01
-3.721271691921887448e-01
-2.156140615086004908e-01
2.131145703134400549e-01
-2.513244246758475908e-01
2.372734608301076964e-01
-2.348066151997762474e-01
7.966337624720929433e-01
-2.279371656626597020e-01
1.520139879585847287e-01
-1.564703630214459018e-01
-2.149944822895283325e-01
-2.290059114976019383e-01
-2.519436179931318076e-01
-1.155519742809283518e-01
-1.926933119293207375e-01
2.022851592963052503e-01
-2.262222851866739493e-01
-2.450602910706365933e-01
-2.056130305462126606e-01
-1.155911404320678626e-01
-2.163168324101727713e-01
7.083584467111176952e-01
-2.148781199628891081e-01
-2.253382952367135872e-01
-1.387178143298089528e-01
-2.113381943347296121e-01
-1.460654637828001923e-01
-2.284232446259288896e-01
-2.746574230206023648e-01
-2.334870236395560072e-01
-1.998531891352224032e-01
-2.145090444851485145e-01
8.072272919932638180e-02
-2.201800648062865740e-01
-2.874584287218534540e-01
-2.285634041168532193e-01
-5.106770738878113614e-02
-2.087975837155274517e-01
-2.762879776951894795e-01
-1.855762469783943935e-01
-2.264048569288648061e-01
3.956551151114932052e-01
-2.262199781748864269e-01
-1.126908629201244655e-01
-1.699946324748992099e-01
-3.955744350539591725e-01
-2.187599820256539707e-01
-2.339331604013733801e-01
-2.132786910149915838e-01
-2.261122265487186533e-01
-2.304390384966545080e-01
-3.987393386827590147e-01
-8.869153451656378029e-02
-3.494179203081096974e-01
2.171945947147782274e-01
-2.236625084481912995e-01
-2.183066029928240614e-01
3.318530014611860146e-01
-2.793384004776006124e-01
-1.835206468623857279e-01
-2.263102730199307022e-01
-2.267357938864854872e-01
-2.209305485153717497e-01
5.484860781651608175e-01
-1.471000430359807876e-01
3.730795656006369310e-03
-3.034581536837047677e-01
-2.263917899902035402e-01
-2.404154642588984814e-01
-2.169290851253691255e-01
-2.518546750028063941e-01
-2.756298717021609113e-01
-2.032635567324197756e-01
-2.280423023596727106e-01
-2.262292650278412420e-01
-2.177319488846931883e-01
-2.278007474133646459e-01
-1.887990735253102514e-01
-2.253026069180497915e-01
-9.485833805635271454e-02
7.101996823896292721e-01
-1.714604122200895087e-01
-6.628619109950494026e-02
-2.189689524528204700e-01
-2.425145508896521529e-01
-1.884029083201587407e-01
-2.263107719212004154e-01
-2.185725461098345368e-01
-2.873955122046874533e-01
-2.264006012970110060e-01
-2.731231473027900258e-01
-2.195570604964706962e-01
-2.267348539598660617e-01
-2.262957122947793220e-01
-2.218375655033558158e-01
-3.535447665169071385e-01
-1.774986770254680102e-01
3.961840203283886752e-02
-2.251125514626821644e-01
-2.262393067650389222e-01
-2.042429542356309080e-01
-2.236350998159278847e-01
-4.622219620254575112e-02
-2.262935210019377530e-01
-2.245416224974510766e-01
-2.248521288688124509e-01
-2.246095947320664032e-01
7.356399011389438414e-01
1.616658366668902169e-01
-1.131030903213638972e-01
-2.471690844146476884e-01
4.940978913790878835e-01
9.590067815457032907e-01
6.722600707966899236e-01
4.810036574311102875e-01
-5.081529462970972855e-01
6.415477431036633593e-01
2.231740734380309177e-01
1.350341263861929986e-01
1.738533119340580357e-01
5.881972838052799135e-01
4.476125462755122797e-01
3.159202488211477755e-01
5.026253708744692350e-01
-6.359637856926207977e-01
5.487733974457659203e-02
-2.923272918649838514e-01
6.232861437128264237e-01
-3.774311494864515115e-01
9.860776780795763585e-01
5.797157870984745998e-01
5.239679475533506325e-01
6.724934104125727119e-01
-4.466350372194659579e-01
1.150743312765211135e-01
5.379227503112993247e-02
-6.912574058629370466e-01
4.964954234757331109e-01
8.263473789802000535e-02
-2.429019596894176347e-01
3.710508862152109844e-01
1.400101229556289517e-01
3.703191920038483298e-01
2.916647299194631282e-01
7.291413332129313973e-01
-3.346480495267146749e-01
-1.093017084283327556e-01
3.199672821943521650e-01
2.853139661391723703e-01
6.811040644533342681e-01
1.806485648948213396e-01
4.818666014189898483e-01
4.878288412659307349e-01
2.217566154311070847e-02
-7.195523275436215282e-01
6.436695602294841834e-01
2.947223795402122981e-01
3.426349966298434246e-01
1.850450378051315403e-01
-7.610335196299584659e-01
4.897534424029462152e-01
7.793591648128805893e-01
-4.426794964046975034e-01
1.438482235244163132e-01
2.469312541968096963e-01
3.588333341730186588e-01
5.171245675610932624e-01
-5.202451001093738592e-02
2.358176650754760517e-02
2.810830260775104561e-01
-2.252685883972930236e-01
5.798196011037783926e-01
-8.228990629597326967e-02
-1.338311034206945971e-01
1.056130786874602406e-01
4.557631957990404548e-02
5.699093620631263679e-01
1.907214134838001174e-01
1.503221649921436531e-01
-4.243882570328402770e-02
4.406273439546023463e-01
1.364916452998619634e-01
3.437086768590545405e-01
-8.009118842887790191e-01
1.650333901483563848e-01
5.417522811092418955e-01
3.775799207821808334e-01
1.935856010592004461e-01
1.221682823325530853e-01
1.670041266443491323e-01
2.877023845988834760e-01
-2.021680704453309718e-01
6.183081706262907179e-02
1.376985039316590553e-01
-4.117327194914366384e-01
8.550986041676253424e-02
5.849602631402424091e-01
2.700734592932629852e-01
-1.626377548647131299e-01
7.885043690992654675e-01
2.242017783104590101e-01
1.329467462984272874e-01
1.436564509490619035e-01
7.052375402211158439e-02
5.239162224985743910e-01
5.348126627298610547e-03
1.601862941533115925e-01
1.142429820205025787e-01
-4.236070900490038760e-01
-3.561184090227392796e-01
-6.470989239203399634e-01
7.212837558300116969e-02
-6.628308296117290110e-01
5.674521997239893034e-01
8.106183787401208818e-01
5.948456317013504080e-01
1.548778688711113516e-01
4.863026112119256950e-01
-9.074429295566274756e-02
3.089913813996344460e-01
-7.827536472045794058e-01
5.492240579361968855e-01
1.210670404153823820e-01
1.006209540963098059e-01
4.610849162492612896e-01
7.269969379550282884e-01
-1.171577720992427740e-01
2.896171322617995258e-01
1.652071325321896600e-01
-3.974324045489768809e-02
4.698211749227387823e-01
-1.071085595616400321e-01
1.890285043848565771e-01
-1.234066748382761647e-01
9.442779148110882481e-01
9.415074203555283405e-02
7.245711866581028282e-01
-7.007621523037064204e-01
1.636050152508761735e-01
5.158739759582916529e-01
1.279934671877613617e-01
4.744318760463198670e-01
4.647771480992463761e-02
3.198432343416928170e-01
6.690890326822050982e-01
1.977875405963594735e-01
5.024370653918130980e-02
1.730776324048795556e-01
2.713121240412627033e-01
1.041672314197302635e-01
-9.846130940229169681e-02
2.702084867272708801e-01
-1.027211034922086569e-01
-6.784633660467181970e-01
3.251944465218045144e-01
1.981874638051756010e-01
4.819781671906146481e-01
1.173479462784064592e-01
-9.578072730974225291e-01
-3.680135580902541559e-01
9.798174639448462009e-02
1.131538801754812390e-01
1.248014398283929238e-01
1.678916850396003912e-01
3.748418647554480065e-01
1.134442540429546897e-01
1.246896722029666726e-01
3.404588850321622617e-01
9.312227166225392483e-02
1.501528852629423205e-01
1.210944045687972759e-01
1.546430405529217733e-01
7.449190011526287680e-01
4.271640529182791912e-01
1.004436418558732336e-01
2.626810689484186945e-01
7.975595926240139355e-02
5.257870923537938390e-02
1.087579923908044144e-01
2.824765489884617509e-01
1.457735490591093308e-01
9.590914842300538035e-02
1.512848773011749026e-01
-1.439622751144079005e-01
1.259661228165187274e-01
-1.009511078815383406e-01
1.145109355472404555e-01
-3.539309399954160273e-01
8.945741636223310256e-02
2.546372890584473470e-01
1.035414142533892523e-01
2.103751502462250511e-01
1.145565239084924553e-01
6.396419370667921767e-01
4.512730706020528504e-01
1.165150208183672875e-01
5.643832113557510632e-02
1.227351114594869425e-01
1.395289957199684627e-01
9.263672271479515830e-02
1.062593652056226107e-01
1.126116222846016701e-01
4.927837806530660503e-02
1.808509531974190065e-01
1.103262806623314246e-01
1.337976700037592503e-01
9.751063575703684538e-01
2.977731923963817806e-01
1.112590398843854161e-01
-1.694406162636232782e-01
1.655390796378559126e-01
8.059597487355432688e-02
9.343506057080129545e-02
8.832227238360204069e-01
-1.749786504891852335e-02
4.510785712088193067e-02
1.090054109428375828e-01
1.701326853077698154e-01
1.489377220861922424e-01
-4.594831892684140273e-01
-4.092248958919330604e-01
1.045837334161076881e-01
1.100072527174488918e-01
1.122165370126350648e-01
-1.136751319309827202e-01
6.478481553922835201e-02
1.788589280683255955e-01
1.129030249319127460e-01
1.092549106949437798e-01
8.485942474420902215e-01
1.136193934443299053e-01
3.092312811652012106e-02
1.107259795118533813e-01
1.527952194713587397e-01
-3.847553280815705357e-01
1.475667681156861144e-01
-1.630968396006877708e-01
1.131540337368312915e-01
1.656092003078338259e-01
1.053918304156926528e-01
3.108433530931795641e-01
3.649170675498203398e-01
1.089190895404828358e-01
1.047145742819895198e-01
-2.729537328304054711e-03
1.162912746704823919e-01
4.867331682455126041e-01
-1.622112154967896291e-01
1.128970837244759606e-01
1.286846406509275509e-01
-5.370868420478867034e-01
1.102753430945660612e-01
1.089439153620734985e-01
9.205078735463420592e-02
1.022891867732888954e-01
1.917703086201339585e-02
1.368616266189545405e-01
1.386010955959547652e-01
1.495398683544857110e-01
5.946540376746861645e-02
6.038279709222429265e-02
1.034473795161914567e-01
-4.679898467133994933e-01
1.111834352656730501e-01
1.817969206855549746e-01
1.407796389035905760e-01
1.119070125847488328e-01
1.025347831790386355e-01
2.251665916535647294e-01
1.900983292280767623e-01
1.089172392876353868e-01
1.446748571498855385e-01
1.089056456706032350e-01
2.459845406477911833e-02
1.088813905060439235e-01
1.544804305926268939e-01
-2.735138918566058508e-01
1.114423315506199580e-01
1.194252003150387820e-01
3.860163440168097315e-01
9.502752700072808478e-02
1.632107785395533472e-01
-6.080213858907765334e-03
1.230321099960911407e-01
1.109394347830432032e-01
1.078853186902216377e-01
1.115171854402689511e-01
2.621547972610337174e-02
1.088120699795312035e-01
6.059354041103892641e-01
9.508555444578414839e-02
1.991837133833249673e-01
1.110713523938722525e-01
1.512840823852529826e-01
1.088402294302859424e-01
9.097411187704265711e-02
9.887033711871755226e-02
-6.049385772621739266e-01
1.100228156150612202e-01
1.197949459930066074e-01
1.103795150066316233e-01
4.298694769021622064e-01
2.398229570842218272e-01
1.094882833345164341e-01
1.138332658370205946e-01
1.287738494671388512e-01
1.087437880916553301e-01
7.768194434873840204e-02
2.725066789159116265e-01
1.087305616581887985e-01
9.704010312881143629e-02
6.052495542444358279e-03
1.087754169306104080e-01
1.087818261266529501e-01
3.656182180201923981e-01
1.098394382967382565e-01
1.187348183039492189e-01
-3.427418029332903737e-01
1.152107184917117028e-01
9.457420025772918237e-02
1.092703339900543413e-01
1.092930991433763294e-01
1.091450289274470548e-01
1.023438997853289012e-01
1.151421372436634977e-01
1.088625107472206144e-01
1.167288884763767465e-01
1.125491025320928679e-01
1.090076416853409252e-01
1.088587132499562460e-01
1.023878610360219321e-01
3.897861576064282074e-03
9.908588408525309532e-02
1.078771186156536332e-01
-5.512431345419729345e-01
-5.198420245302628473e-01
9.229737847623746827e-01
-2.490417595075022916e-01
-1.780107433900364189e-01
-2.064131099565620353e-01
4.121261398663735864e-01
-8.120431694243889220e-01
-4.524301562722260472e-01
-2.311920988911576325e-01
-7.357194063133486450e-01
8.631213856063155720e-01
-5.972276762544767026e-01
6.779505546443753694e-02
-3.450235587004181204e-01
3.599529011365698583e-02
-6.602118762450911449e-01
-4.424980725686789018e-01
8.042197511107642693e-01
-4.229898960856379175e-01
-5.211179334240407801e-01
-7.297126749750525443e-01
-2.361594811610875644e-01
-1.042933985230401484e-01
9.428372813115781792e-02
5.653191733803957231e-01
-2.669518594382709886e-01
-1.279615261527534686e-01
4.420027016921950214e-01
4.642817299807417974e-01
-3.588472037669311887e-01
-7.799079405164998091e-01
-9.824944274741087558e-01
-6.036821355852514115e-01
-4.673366532536153417e-01
-8.419815172663913661e-02
-2.590399274662054108e-01
3.989086614439623091e-01
-3.595981265665401660e-01
-2.297269754748738901e-01
-7.360008622796654354e-02
-6.214914695951812007e-03
4.475508977581421632e-02
-4.203752657746159249e-01
-1.624263877584634641e-01
-7.096945684513004116e-01
-5.835783562121227286e-01
5.174085784966565571e-01
-4.472589003148443876e-01
-3.645868338037807632e-01
-2.580766925936125444e-01
-8.807429887531771362e-01
-2.518474923571041302e-01
-9.695651712783831533e-03
-6.832060966633580756e-01
-5.925920785709818395e-01
-8.286187941886505870e-01
-9.664446132948592560e-02
-4.994475726588641917e-01
-2.615658903495854393e-01
-6.164173074952169484e-01
1.743585211754266062e-01
-1.866552769544140566e-01
4.750909460176993560e-01
7.986024874967778686e-01
-7.381180521135516370e-02
4.678512194380179956e-01
-2.283908067537812614e-01
7.667708930252056243e-01
-7.261528293986740934e-03
8.556250383242787194e-01
4.247780841933459506e-01
-1.785408026359067701e-01
-2.978729874704757474e-01
-2.795399295058440536e-01
2.463932587338996116e-01
-4.307008167958856215e-02
2.562865717125074605e-01
-6.140998711093071938e-01
-8.673846291233624495e-01
-8.546615146633089743e-01
-3.649605252396819766e-01
-1.323944853365492114e-01
-8.284856089978468452e-01
-4.091249267561491987e-03
-7.460878476124507275e-01
4.400250491418645771e-01
-1.885759009460965807e-01
8.136006162456010937e-02
-2.728387126992325440e-01
-5.670740718127903479e-01
-1.231524373843631559e-01
-2.058818622777530694e-01
-3.261408151411278600e-01
-2.477973260690960744e-01
-1.992280370258046329e-01
-8.178915966096533818e-01
1.219031840856174692e-01
-3.185225049544080922e-01
-3.890551452070126759e-01
6.728858229702860960e-02
-1.731122911252029883e-01
1.783148270948393677e-01
-1.789664418559326065e-01
-1.490681713599683600e-01
-6.871533379653533835e-01
-3.675236071128322735e-01
6.047261125304503881e-02
-2.486930534433272610e-01
-8.277933905340918441e-01
-1.455190465515037723e-01
-3.978783994285098324e-01
-1.067656824384561609e-01
-2.034981901465384713e-01
-2.686262239852622580e-01
-1.788342444384029839e-01
4.599188923313115573e-01
-1.023863414902363989e-01
-2.042773598408324509e-01
3.607895058242241992e-01
-1.538047819145153539e-01
-6.965424358446176134e-02
-1.673323912826281124e-01
-6.942228868603814163e-02
-2.633821210362011778e-01
-6.648959709202012514e-01
-1.032006918625288372e-01
-3.088345577787321994e-01
4.048938431861069942e-01
-2.199900753774740036e-01
-5.468219180262043899e-01
-1.561630786566522988e-01
-2.147709807067355869e-01
-1.629697629873548548e-01
-2.807014405237191479e-01
-1.763304985230854383e-01
-3.491934662571056780e-01
-3.476973722419834378e-01
-2.285684516206051287e-01
-5.877551734330737077e-01
-1.715336685670917349e-01
-1.693432595664609297e-01
-1.701780895847799235e-01
-3.615820508489790974e-01
-8.213419406446736959e-01
-1.779289410227490320e-01
-3.263103354666074818e-01
-1.326956782986721262e-01
-2.495324478259801360e-01
-1.798999376112736803e-01
-7.821668182900462507e-02
-2.454241772955768897e-01
5.158510899161750096e-03
-1.917801105912058934e-01
9.440272768687718585e-02
2.016007139474270682e-01
-1.034021125643252437e-01
-5.219998572795928604e-01
-1.653718355691075892e-01
-5.593642493695023532e-01
-3.888340989239702505e-01
-9.637893388785858662e-01
-2.847589375120534450e-01
7.487454488928302343e-02
-5.039556737382500096e-01
2.792312759061472138e-01
-1.659825124604933921e-01
-2.183247637667069529e-01
6.523337084697657939e-01
-1.776251088891774854e-01
-1.518078774795240393e-01
-6.075364674916180485e-01
-2.567407215084906991e-01
6.435514063641137317e-03
-2.964078629166839174e-01
-1.926575357629813912e-01
-9.362570660612148932e-02
-1.777061460336656351e-01
-2.164658502260651263e-01
4.559942556128419033e-01
-6.856195715104848598e-02
-2.296181214686651983e-01
-2.880262168600273079e-02
-1.545560543109760487e-01
-2.656186033725144724e-01
-9.140348029974156019e-02
-1.777420788887701386e-01
-1.116658852138866787e-01
-8.790030186546522462e-01
-2.713098187441963516e-01
1.408424241244976560e-02
-1.774789935740695990e-01
-1.972015377749870013e-01
-1.976241796668154471e-01
-6.653514872388481549e-02
-9.325341896382368656e-01
-1.849849919759038452e-01
8.001810435645625996e-02
1.823358204124093662e-01
-1.639641456440038003e-01
-2.704608586243936186e-01
-2.835035540884989769e-01
-2.870929785476328822e-01
-1.409370904311032791e-01
-2.041166478516231730e-01
-2.710967351045884266e-01
-5.962596064715336430e-02
1.490529841136916667e-01
-1.837127754286758119e-01
-1.813548951922061836e-01
-6.289056579090652743e-01
-1.730962890260279996e-01
-1.800031003817550990e-01
-2.067178524897314296e-01
-1.775346820404115344e-01
-2.071324866891134375e-01
-1.796690626501794008e-01
-3.898420416184023019e-01
1.845923174863977334e-01
-3.661753840742520971e-01
-1.990759926200706409e-01
-1.598081870665798432e-01
-1.904776298303093029e-02
-2.499067600723337557e-01
-1.609091770946997346e-01
-2.580866647188993501e-01
2.843851857371737513e-03
-1.855744286582001468e-01
-2.318386416139021633e-01
-1.774883247455050772e-01
-5.437823430211129461e-01
-1.696297663483378459e-01
-2.104455421627723366e-01
-1.736690954827083133e-01
-1.704122227864089956e-01
1.317206139687931987e-01
-1.157718338036648892e-01
-2.993011898797690029e-01
-2.011431487230396220e-01
-2.655862353235054485e-01
-6.442576860511866066e-01
-1.510897369266731571e-01
-1.560796341363275552e-01
-3.751071172517040919e-01
-9.161588979646954900e-02
-1.710054659425771506e-01
-2.290920304280192818e-02
-3.492619707541265162e-01
-1.701920500327189223e-01
-3.495602855513686991e-01
-2.264547950002911980e-01
-1.824599524694614783e-01
-2.242126438049812931e-01
-6.478637662432732425e-01
-1.777305886405272095e-01
-1.888273740678534929e-01
-1.572401783699200195e-01
-1.774799565502014620e-01
-1.822510539670282592e-01
-2.385547727617625402e-01
-1.866445100062922025e-01
-1.866669460346543352e-01
-4.798882145834567625e-01
-2.238515010530751637e-01
-1.774972837782781698e-01
3.700343179607606947e-02
-7.980873137885340363e-01
-1.798929275181470888e-01
-1.300539296955476876e-01
-5.425013116767012367e-01
-1.882815156135651813e-01
-1.922540990919091586e-01
-4.969047179059979391e-03
-1.607479284388363405e-01
-1.487442558316666164e-01
-1.776306715399617875e-01
-1.764486699948358550e-01
-4.506805577609848124e-01
-1.857806091680971883e-01
-1.526233739449852078e-01
-1.770462356116467573e-01
-1.890155027044991554e-01
3.517050517635947893e-01
-1.777788287157641145e-01
-1.773884210382250526e-01
-3.331411390336902478e-02
6.203141617596819035e-01
-1.301585861856202619e-02
3.677084372501627785e-01
2.725952518836438632e-01
-3.366920696342255992e-01
7.519520358605608079e-02
3.570815260815596304e-02
3.573786354084829142e-01
3.115542266025384532e-01
-8.713162739536519652e-01
6.393150039373063365e-01
-6.819976592332201992e-01
-7.048644247001267793e-02
-6.506717651069968689e-01
-3.386923685656632599e-01
-1.246970160016298568e-01
2.708318551739017366e-01
3.213691391220780957e-01
-2.130304212705780298e-01
2.753550765935720568e-01
4.234151994423314136e-01
3.407589015048343439e-01
3.330194233231567047e-01
-9.028568672621264390e-01
1.711266391136168075e-01
5.204786358216053621e-01
9.551071698697259915e-01
1.830738244168244044e-01
-2.830241058797906550e-01
-6.305401460332293873e-02
-3.266801093080452523e-01
-6.194714319309565509e-01
-4.657176877776267876e-01
3.123079631400656475e-01
3.553097317341022965e-01
-7.157137136289695722e-02
5.764417712919791548e-01
-6.489849043905059345e-01
-1.200836458322696032e-02
2.952616712659814624e-01
2.205907340699571062e-01
4.294484358873797980e-01
-6.540179199903740637e-01
5.768468383547057377e-01
3.297638198118593156e-01
2.815047259602296292e-01
-5.598145257269259156e-01
-2.011648347484109589e-01
-5.831597909018340076e-01
3.929271623173694050e-01
1.006070402474931180e-01
1.362181121239086634e-01
1.897264059324539620e-01
4.629621366032936614e-01
-9.657522689627696666e-01
6.467515430744427141e-01
-1.676480663969781015e-01
3.263749256381184849e-01
3.547999335415140121e-01
-5.077560525936248848e-01
-2.545848776069946640e-01
3.203298211202912915e-01
2.440162359761267608e-01
-2.545421160203806821e-01
-4.390013304806064109e-01
2.987638660657249701e-01
1.323599688037258859e-01
2.917103949775529115e-01
2.023433409267734739e-01
3.610870264082493009e-01
3.158092004633316074e-01
3.136830982168209436e-01
6.672336963324820847e-02
3.173027532069021550e-01
9.149062776003151765e-01
3.055693057046995342e-01
3.962916014672159259e-01
5.674706670981436440e-01
6.578110829706462770e-01
3.089733669015898854e-01
2.021007779234851309e-01
3.251162047686857459e-01
3.588517848493490980e-01
-2.453654434356872249e-01
3.313146081339592430e-01
1.658361364074221189e-01
3.308823791840619921e-01
2.851249957932476820e-01
3.433215008495051901e-01
2.717592706401539826e-01
2.759976580710824523e-01
1.809702249371083482e-01
6.585363185764117611e-02
-2.590816838654443899e-01
2.516063237219636761e-01
3.300227196697701482e-01
8.924406293186124550e-01
-1.553538888050159938e-01
-1.358322912429440199e-01
-9.082529262510230517e-01
4.674561673628505609e-01
-6.780152169252557925e-01
4.122162891357006309e-01
3.284841573714771812e-01
-4.670028228416435168e-01
-1.613772700081385902e-01
1.661245580563016633e-01
3.666036437435520878e-01
6.234381933939242559e-02
3.522818321006142561e-01
3.203287566652266993e-01
5.463845483903991829e-01
2.949347361926211164e-01
2.842252012707757736e-01
3.459866238101365621e-01
3.309540718888047683e-01
-4.465133735979484042e-01
3.493501907589551259e-01
-3.549582968973154506e-01
3.305701278387639386e-01
9.114175783091876815e-02
-4.054301245957972477e-01
2.673364438966472911e-01
-2.852883789472482334e-01
3.282696739339500125e-01
-1.312885654801536073e-01
2.315908062295002345e-02
3.456165737590364828e-01
6.077373052856376301e-01
-7.458964805355394745e-02
3.239177385746110915e-01
4.192209907114601286e-01
3.260423202013220112e-01
2.861608155903289652e-01
3.296515219031991850e-01
3.286553373725878413e-01
2.988494975236173912e-01
3.227791130801654917e-01
3.975477780434443775e-01
3.196580690371327305e-01
3.288781398242691112e-01
3.283304220856144151e-01
9.579911247297769883e-01
5.327586219567603809e-01
-8.272221072102352579e-01
1.655057591854732779e-01
3.551018947319003471e-01
-9.613448494980225689e-02
3.260307272215878793e-01
-8.656862987371237717e-01
4.030734552418322458e-01
-3.106432207595390960e-01
3.258116388050207313e-01
6.042093664214828186e-01
3.321602934503514182e-01
-2.710732350505745680e-01
3.072985674798864864e-01
3.411647425602777339e-01
3.473528595548823206e-01
-1.320211797326453773e-01
3.312429462162173044e-01
3.307535175848928533e-01
3.309560059755450312e-01
-1.464606619359409001e-01
3.309810073858872048e-01
3.188552495419075816e-01
3.275153893050586351e-01
3.527917133214762413e-01
2.505437551127763784e-01
2.087615356636378650e-01
3.448570000353942677e-01
-9.925055141828673655e-01
3.657741946780734832e-01
7.648171403552171954e-01
-8.481118292245913848e-01
3.309450866067971675e-01
-5.186260580467483283e-01
-4.699084988446224909e-01
3.329570545463521603e-01
5.313536372063863977e-01
-3.935650002556628779e-01
3.473810910578821187e-01
4.781126493420937429e-01
4.812964425031351912e-02
3.309681272551159847e-01
3.071932030733612873e-01
-3.266495366074384510e-02
3.702778968134415871e-01
1.958947374494875715e-01
3.309676712859329628e-01
-5.179798550646808053e-01
3.442465901709014231e-01
5.573774274392206962e-03
3.357030043081073445e-01
8.530292131247585452e-01
3.452869925412117569e-01
3.736119363393606285e-01
3.309666726849890828e-01
3.326023802001710217e-01
1.312206168163246867e-01
3.667535275210728196e-01
2.586766245437827072e-01
3.781259417687454216e-01
2.244171079502138566e-01
-1.163364651227450641e-01
7.608027731047668496e-01
4.014780056757198956e-01
1.937990752637960001e-01
3.555716898119030134e-01
-1.071055562452871840e-01
3.361195348927946136e-01
1.931177001677042149e-01
3.291284063972222396e-01
3.335412270083665809e-01
2.430178129661379471e-01
3.627127217884226207e-01
3.792052781141778128e-01
3.966809716139015340e-01
4.558711396855304465e-01
-5.753467529621294485e-01
2.665832437132327204e-01
3.309752381471574578e-01
2.746551947899497637e-01
3.646357151003080665e-01
3.476084787926582154e-01
3.022592101049049185e-01
4.722308387536753860e-01
3.309838633528594531e-01
-9.944328030432236787e-02
-7.254089989406633521e-01
-7.704108453359574671e-02
-7.331887309669955499e-01
-2.424391142056903092e-02
5.796352018676068085e-02
-7.692346164324238567e-01
-9.196593945741614595e-01
-1.281567600824853326e-01
-7.743413945395920539e-01
-9.261564806913286096e-02
5.145699061389965578e-01
-9.679084624660022618e-01
-3.731783440804705698e-01
-3.703240935242178011e-01
-1.521022576689471661e-01
-2.103492479213013855e-01
-3.272978678800098074e-01
-9.384036164683701164e-02
-1.811731049948133165e-01
-8.259864786361804656e-01
-2.887236583284804592e-01
-9.315575187354685482e-02
-6.720283528344110913e-01
-1.839938891813777122e-01
-8.952071151263720772e-01
-8.354631619735688464e-01
-5.790988438302031582e-01
-2.516080030481654406e-02
3.432945475920477774e-02
-3.732629492827185258e-01
-2.012063783662419725e-01
-2.312875630890256495e-01
-1.199232141019249409e-01
-8.476410576445865541e-02
-8.966687890861881893e-01
5.304090137994380005e-02
-8.017005176667565958e-02
-5.864928023638649179e-01
-5.096409100582732776e-02
4.544379080481911193e-02
2.897979087445441415e-01
-1.528110429016007465e-01
-4.979898557598419484e-02
2.389781486366845398e-01
-6.562399063787191511e-02
-9.860299970727574026e-01
-2.199654277530993518e-01
-2.364362735273136673e-01
7.546675881143405373e-01
-1.201647552041282957e-02
-6.162890231714739375e-01
-5.318394449282697334e-01
-7.789679554193720268e-01
1.266551519682223292e-01
-9.354180537306491239e-01
4.572810695287372051e-01
5.927583820322919472e-02
9.617543192103230609e-01
-4.939729874857633207e-02
-2.092715316424726968e-01
-4.196850675800708474e-01
-1.399404037105626553e-01
-6.251106350767506870e-01
-8.168965050483820711e-01
-1.444906940945317464e-01
-7.978407600662961174e-01
-9.792329814309395086e-01
-3.482238719911107672e-01
-3.233766206473138727e-01
1.555755016497193388e-01
-8.266088181405387703e-01
-7.353897964814108679e-02
-6.224642024252129424e-01
-1.890452677804250192e-01
-2.105083303239412285e-01
-3.159790973671267045e-01
8.757165124219261632e-01
-8.504559008642260665e-01
-8.505471256922469969e-02
-6.721877455248057021e-02
-7.712325513222484386e-01
-2.633642651579405913e-01
3.499678738172375125e-02
-9.775861427567329731e-02
-3.324026396603657618e-02
-3.088633458823548950e-02
7.542784037606229397e-01
-6.222992845018228414e-02
4.483635393173291961e-01
-4.488611711106267332e-01
5.595724049407859585e-02
-8.797377255199750890e-02
-2.119708466561809057e-01
-8.241933820976841962e-02
-9.638382031989669585e-01
-9.232751815330619838e-02
-7.409352872610901197e-02
1.564250273774714095e-01
-5.309640972433328499e-02
-2.691602972003169780e-01
-2.530668037729493780e-01
-7.815102745234434045e-02
-2.636395112396366369e-01
-7.570743243356796714e-01
7.068122616726429941e-03
-3.728889089261811507e-01
-4.179657927459347611e-01
-5.738181100660538769e-01
-6.880821921231884686e-02
8.701769820906604114e-01
3.025042713571747255e-01
-3.045403958609365080e-01
9.180542072410234622e-02
-7.322446267652604757e-02
-3.064307631695280532e-01
5.728317027081369917e-02
-1.680653357736600073e-01
-3.292919826588852072e-01
-5.154564658050511117e-01
-7.269915716818364793e-02
-4.856567815549086425e-02
-5.429586661770569034e-01
8.304569511472128518e-01
-1.405435242884578440e-02
-2.653106544793208399e-01
-4.117302091833048294e-01
-7.518698194373019117e-02
1.643308168568248240e-01
-1.674591241049329660e-01
-3.104854151482469016e-01
-8.864412176787694886e-02
-7.010977236124346645e-02
-1.219568387609336613e-01
1.773980878444980647e-02
-1.948290423550324002e-01
1.783301228029073870e-01
-2.722628099474175833e-01
6.713140283312217793e-01
-1.049766926473777590e-01
-7.245369614494980015e-02
-6.830718914139889686e-02
-6.551109611731096294e-01
-2.203282646592834570e-01
-6.656948348011543226e-02
-5.875009255392988905e-01
8.802578295442339273e-01
2.351427055399703536e-01
-6.741482528580472477e-02
-2.000186100932296318e-01
-9.490178754536723882e-02
-7.396746071296152192e-02
-1.783825391340210231e-01
-4.357729627264569222e-02
3.118931461401827088e-01
-6.910788064834513800e-02
-1.028858267084165889e-01
-2.146318853431909979e-01
5.188211563648600921e-02
-6.819843066488440186e-02
9.119511731037019397e-02
8.297838653723504931e-02
-5.812189365718121170e-01
-7.515529310258527163e-02
-2.990051183396536527e-01
-6.963728603655645888e-02
4.578718743805896274e-01
-2.097304162091502278e-01
-1.332493682664608881e-01
-3.719916165625614113e-03
-6.946448032287304286e-02
-6.969147408596569615e-02
-6.958442826273197879e-02
-9.947074636337557840e-02
-7.196558846329094428e-02
-1.636876509978143490e-01
-7.366490815661358438e-02
3.872277243098036503e-02
-1.935576911903847952e-01
-3.502842959762760694e-02
-1.937946902064099364e-01
-2.309490412972126649e-01
-4.770413073704526385e-01
-4.236665614258962043e-01
-7.220025938911314722e-02
-4.983010832541157759e-02
-6.943314913875982264e-02
-7.080524239922150742e-02
-3.199676829300318603e-01
-1.959356534917736092e-01
-6.949182032194727021e-02
-7.058879034888318471e-02
-8.171834188963067458e-02
-9.495204324616453306e-02
-1.048134173571262651e-01
-6.894311379830579678e-02
-1.304576606743614309e-01
-9.870989662760244754e-02
-1.880645726213716618e-01
-6.944569485645020468e-02
9.105395744459457985e-01
7.388338605184037178e-01
-6.948435075161796259e-02
-6.995234453707685485e-02
-4.545809838048113227e-01
-6.950994569246554677e-02
2.613910363097851075e-01
-1.268724505603739394e-01
-6.943898810798738996e-02
-3.410627532661349159e-02
-1.177456572994354106e-01
-8.757888361913994391e-02
3.674408820059824055e-01
-8.819907834180788775e-02
-7.051708019737548683e-02
5.836932941330856828e-01
8.286816110598005380e-03
-1.155081542953582119e-01
-7.842284947731689715e-02
-2.510098228578168736e-02
-6.954338603118268014e-02
-7.822585697100956081e-02
-6.943722847821694188e-02
-1.819461021821309199e-01
4.218087309950870889e-01
1.256591932474770967e-01
1.411842649823462359e-01
9.531334656111446479e-01
-2.199088129510184952e-01
1.215380106348484535e-01
9.117283708300173428e-01
-2.830012637032322531e-02
-9.394356822057494671e-01
6.971302896662371351e-01
1.114838417381986552e-01
-4.413614774604714963e-01
-5.178375647760089517e-01
-8.147586802327067002e-01
1.861068237897804956e-01
6.075690895230695387e-01
-9.000240182358043572e-01
6.411480885744587077e-01
3.605632704410897116e-01
-4.566005362675269463e-01
1.292987700585301880e-02
1.945452428999917827e-02
-2.595225568798638083e-01
-3.759211649148608281e-01
3.205311137875884731e-01
-1.704040618515199057e-01
5.113460763276234111e-01
-6.173353604713227583e-01
-9.326010413803264010e-01
4.561752996992083503e-02
4.552269161538485820e-01
9.975066855992023029e-01
-4.313543257250657126e-01
1.333970268342643539e-01
1.269920740881066296e-02
6.002217722362218622e-01
-7.701424918208754633e-02
7.444261082344838520e-02
2.118867669905655782e-01
-4.704467993280048166e-01
8.092402675912538368e-02
-9.520183286227234393e-04
1.515560210408184449e-02
7.724336808691899536e-01
-1.637209440523049453e-01
4.711413044142157558e-01
-7.905935240041088718e-01
7.577910357159850507e-02
-8.294072386838230448e-02
-4.077467906076970294e-02
3.185379399161865355e-02
-6.886698675046949020e-03
-1.753113394251130108e-01
3.850262697919158983e-01
4.468995033043262621e-01
4.133718934382304422e-01
1.847073221877454929e-01
-6.109972707435897821e-01
-1.669822735828809523e-01
2.957895033512643046e-01
-8.088195564727501674e-01
5.485650305712917729e-02
4.412523569991010364e-01
6.686617569762074442e-01
-3.086465186522952542e-01
6.192356038043870248e-01
6.307035430336185855e-02
5.166057185227048709e-01
3.290120395665525055e-01
-1.017098939857356554e-01
-5.329389557760292329e-01
-2.996497211719276188e-02
-4.865607562455102064e-01
-1.546960262286338206e-01
-9.406496508621567387e-02
4.367647019417810750e-01
-8.615581619725993373e-03
2.858616216102390431e-02
8.452645440993827863e-01
1.497608020774118809e-02
1.510630969693978892e-02
2.555299598574859998e-01
2.404314731066599653e-01
-6.461893569096055501e-02
1.952522030332170255e-01
-8.455482175258277611e-01
4.521885182881046350e-01
1.098083350037076245e-01
-2.066365049743191518e-01
-4.469728736242001843e-01
1.432745413293443626e-01
7.856320346544470173e-03
-8.177996586867412876e-02
5.386207703193990337e-02
-8.821202215256498391e-01
4.375502126103566480e-01
1.642278050867591876e-01
7.361893535533634014e-02
-9.851582420169343116e-03
4.244865198068149548e-01
5.963682319864886949e-01
-1.999854233068525389e-01
-1.672314963129401671e-02
5.213846158332692271e-01
2.996593593365920460e-02
2.162242132495398039e-01
-8.795089299906050373e-02
2.110332153484553996e-01
-4.683541922950576475e-02
-6.482970385521238943e-02
2.166496668762102340e-01
9.381056081673815744e-03
-1.796237377383027439e-02
-1.768610731975508304e-03
5.146254926480219316e-01
2.979705959004639443e-02
1.147638732062839229e-01
3.067402742700552076e-02
7.406616156492036307e-01
-1.135328295643354135e-01
-1.945669064686093019e-01
-7.952759189668349993e-02
9.807305977255182938e-01
1.421817630380699943e-02
-5.575692936273305561e-03
2.069309824796251585e-01
1.171266721304699276e-01
5.162701305116013106e-02
3.146910010215596687e-01
-2.776800380378294797e-01
-3.678287647263796256e-02
3.374549465850283370e-01
2.559682427908816504e-01
1.751881430171025045e-01
-1.915907534721940086e-01
-1.932076812338644894e-02
3.124951504373844058e-01
-3.571075416055653068e-02
6.871462059828328806e-02
2.594978165079386834e-01
1.507576123101722620e-01
-1.187630459645167523e-02
-1.587404652588241261e-01
-1.242786289759201801e-01
-1.187951947680074803e-02
4.270672172835214553e-02
-7.120266680532380543e-02
6.116789888646907009e-03
-1.570516233600426081e-01
-8.041742525763692639e-02
-1.300059302333398392e-01
2.078511452787711877e-01
-3.457656819561023831e-02
7.034747887591803750e-02
5.927144492055252956e-02
1.750938507378435594e-01
-1.824262237097913630e-02
3.826715136151281338e-01
2.120870171932456166e-02
-1.433929691638656523e-01
5.353405119656394484e-02
2.670933165932182218e-01
-1.227747120441784745e-01
-3.449752564280965661e-01
-1.776449799415483199e-01
-9.447273384531766627e-03
-4.066287315508468336e-04
4.790110187702745909e-03
9.198789226519680229e-01
1.225906618021868622e-02
2.223338517374914836e-01
-3.501541569212243687e-03
-1.097615716355075134e-02
8.361963533198386589e-01
-2.450832461733301049e-01
-1.192063884715347660e-02
1.641451619604202550e-01
-5.557897961272385140e-02
-2.111359509186211403e-02
2.173073438491873385e-02
-7.036799334759955560e-01
2.024749639692964131e-03
5.265594355313698571e-01
1.308386207902883722e-02
-3.975856132722824232e-02
3.159957677454554581e-01
2.641775204031958091e-01
-1.415337261674248226e-01
1.750451244450148547e-01
1.213207497595996526e-03
-2.864016058153701638e-01
-4.900464799327652887e-03
-1.174211653547976297e-01
3.448569702824022531e-01
-4.061788390736381649e-02
-3.217925106805546998e-02
1.081294119968592357e-03
-1.900626179069926647e-02
1.578681477393395483e-01
-9.372776857142965934e-01
1.692572354645297539e-01
2.650165430474068495e-01
-7.846583364481801368e-03
-2.780730233737112485e-03
-1.144834634395603887e-02
5.360412756621271146e-01
-1.829748701783552867e-01
-8.020783553010606137e-03
-7.822783941750314704e-03
-1.160475895435053584e-02
-1.704052674513582832e-02
-2.894759850959441883e-01
6.877229271899711893e-01
1.116284665287406858e-01
