-2.178220070677467035e+00	9.329509499583021892e+00
-2.316607527363530039e+00	1.154334723987398448e+01
-2.416421819219811695e+00	1.301465642900752862e+01
-1.839868671769927744e+00	6.159282619284289773e+00
-2.491499509604081730e+00	7.810204013132095113e+00
-3.245413618541859613e+00	6.903603303211227171e+00
-2.452188771363076114e+00	9.360397801115047045e+00
-2.085327134521394843e+00	9.776541879889521169e+00
-4.007292613020362992e+00	5.517166681952796026e+00
-1.847449044103497195e+00	7.637376450181468712e+00
-2.368501637273402682e+00	1.042910218833490532e+01
-3.458711236852494597e+00	5.564949542793572235e+00
-1.632131906511345321e+00	7.052777509267711409e+00
-2.197613522788913087e+00	3.221529077795720397e+00
-2.673023783565795508e+00	2.855911680672878816e+00
-2.164519010070269367e+00	9.693192470009469375e+00
-1.664277049949645093e+00	7.287354893418807933e+00
-1.812836067149465213e+00	9.463512190587456629e+00
-2.241775868571061370e+00	1.121379022025012162e+01
-2.339985635676137044e+00	9.940186389041951287e+00
4.875277372961911992e-01	3.687129995866079479e+00
-1.987530046021428909e+00	5.486316814084755578e+00
-3.409509946330371299e+00	5.698055604332939339e+00
-3.309714967520356765e+00	6.713782998666635748e+00
-1.643085394838719404e+00	2.997549347142941301e+00
-2.398591781406472112e+00	5.731546427502121510e+00
-3.920521633920572846e+00	5.659458559227834584e+00
-2.579117996752654740e+00	5.423862485319343563e+00
-2.355019109639291841e+00	1.299124911246961744e+01
-2.494402841943311966e+00	1.237303403030567850e+01
-3.086732704363078561e+00	1.326939700089434915e+01
-2.306693956267080736e+00	1.309347249514209466e+01
-2.397932742833868147e+00	1.304717370922558572e+01
-3.006093149767679495e+00	1.342780565572091511e+01
-2.517434244933916432e+00	1.288374705869318859e+01
-2.410806825705834822e+00	1.298719263434662707e+01
-2.426506027975559476e+00	1.337242881137875550e+01
-2.370121875263993871e+00	1.296183275702829896e+01
-2.543406879433103285e+00	1.290667758082098793e+01
-2.509055106299443949e+00	1.309577845208916180e+01
-2.420842930983098107e+00	1.333969961759644818e+01
-2.389945351976625165e+00	1.321623144479016254e+01
-2.657364238998956019e+00	1.327880471871316992e+01
-2.856604460928430456e+00	1.309934655499906242e+01
-2.200602042134983005e+00	1.230812955630461758e+01
-2.476026274665652505e+00	1.288162746475612153e+01
-2.767273686217869511e+00	1.240241948988028753e+01
-2.416947318443781967e+00	1.303303464006924450e+01
-1.861890483091463544e+00	1.304871334522728077e+01
-2.496443561457613036e+00	1.317180299644792463e+01
-5.287818290361496310e+00	1.398997549807910978e+01
-5.229127258302746384e+00	1.404548339473200613e+01
-2.439967032482937004e+00	1.301418091839291691e+01
-2.376500691737219118e+00	1.312185531418348283e+01
-2.229049279477268719e+00	1.304683813751530153e+01
-2.376660903280249482e+00	1.295080518982116935e+01
-2.592435172184551551e+00	1.303901959726342774e+01
-2.235918078753786009e+00	1.457703708774284124e+01
-2.418180039191669461e+00	1.303540484055504223e+01
-2.368547070038157454e+00	1.310126206134006566e+01
-2.443854944435507992e+00	1.301349917148242241e+01
-2.542756321211236070e+00	1.319263599626540540e+01
-2.307643334930872037e+00	1.301020037750422809e+01
-2.607882831563730353e+00	1.301595648259672977e+01
-2.426103829945263968e+00	1.302863181682970506e+01
-2.653288498953099595e+00	1.249336808437204560e+01
-2.527777211541075708e+00	1.303626354467544601e+01
-2.505489987365135285e+00	1.265033571199431606e+01
-2.620601795191390249e+00	1.306820299630134308e+01
-2.990325150626140793e+00	1.304092041870429952e+01
-2.379645360806825316e+00	1.293051090980170770e+01
-2.732935958073398286e+00	1.367724994936644478e+01
-2.455201043874216893e+00	1.302195158161547539e+01
-2.484954629295442974e+00	1.309053079088236515e+01
-2.449719470706636315e+00	1.301319128829290506e+01
-2.679664695404747832e+00	1.301365860761920956e+01
-2.607862816717638310e+00	1.288273718415707947e+01
-2.485266729744194159e+00	1.315568480043595301e+01
-2.488860243039443088e+00	1.296385110217271297e+01
-2.384826708425872521e+00	1.327860568000049035e+01
-2.417838464379432839e+00	1.302962326472084165e+01
-2.426072606733498116e+00	1.302415710642765490e+01
-2.465279866357563243e+00	1.297283414624542530e+01
-2.554880721578529190e+00	1.309068690998679330e+01
-2.874766021041276431e+00	1.279849059816634593e+01
-2.458988276937029482e+00	1.303185043130283560e+01
-2.550401042910765970e+00	1.272817102891069752e+01
-2.337163121097892038e+00	1.292636205339530875e+01
-2.368167524866335416e+00	1.310993873889724881e+01
-2.461824188571046790e+00	1.289042176700817066e+01
-2.738777995440311752e+00	1.223669431555306453e+01
-2.816789706633932688e+00	1.302559687217592810e+01
-2.447195352823751335e+00	1.301837067155969052e+01
-2.425195041946686114e+00	1.301737045023270412e+01
-2.628208539561862622e+00	1.301633857631522595e+01
-2.459868603457761260e+00	1.314745997502099328e+01
-2.691427140213922264e+00	1.245709736548313451e+01
-2.618369511559664353e+00	1.374378459457472168e+01
-2.375434024874502281e+00	1.272077961472042240e+01
-3.239431355512703892e+00	1.155317849908906425e+01
-2.299910007635651787e+00	1.300814480348972246e+01
-2.355145732865767449e+00	1.276022794959326667e+01
-2.567424678856259135e+00	1.304314839501575918e+01
-2.475438150435365969e+00	1.299235373791992387e+01
-2.769449273337341921e+00	1.302094666874417861e+01
-2.991037755886415184e+00	1.301461373633112117e+01
-2.417353711129750060e+00	1.301935083289880879e+01
-2.172381866180899568e+00	1.268395147013321989e+01
-2.393324013034174413e+00	1.316893597399646154e+01
-2.531768533784601871e+00	1.287231898574916578e+01
-2.426756802478532205e+00	1.297565906126510704e+01
-2.388117447487606793e+00	1.296205339605226570e+01
-2.420883649424855566e+00	1.301657607948305895e+01
-2.242987296150883658e+00	1.362178445225498535e+01
-2.399244040560359004e+00	1.279062329551294397e+01
-2.417263986149675858e+00	1.301713657783242084e+01
-2.395791139340622600e+00	1.263235636998789246e+01
-2.416492751154654783e+00	1.301652312534899103e+01
-2.544840252372796652e+00	1.304243205597081001e+01
-2.310547299475734562e+00	1.302005188648718459e+01
-2.338787930920682268e+00	1.304766888977934869e+01
-2.641624006646285050e+00	1.301462322853532072e+01
-2.477681123065696767e+00	1.261526376444179220e+01
-2.782952639070908951e+00	1.210202600716078258e+01
-2.412425477855191236e+00	1.233935105731936055e+01
-2.414937502722707574e+00	1.293753939398243169e+01
-2.600183739698032959e+00	1.324910987377327487e+01
-2.406963261170756319e+00	1.287995042230462950e+01
-2.459328589632351125e+00	1.316381558751893621e+01
-2.405912136862303541e+00	1.301729815770818632e+01
-2.432026366917195759e+00	1.300959732389439161e+01
-2.425078068284512334e+00	1.321518738481629462e+01
-2.402996250408282464e+00	1.297687795968634816e+01
-2.633498653700583336e+00	1.301709560408468036e+01
-2.476782016242024653e+00	1.301685841137244637e+01
-2.468870818945557044e+00	1.277497719638064133e+01
-2.335835722780451373e+00	1.308982190425987646e+01
-2.674437487759455667e+00	1.297485551755452171e+01
-2.380483625935239544e+00	1.301464797522129224e+01
-2.563951135547563709e+00	1.338378589096759441e+01
-2.422594946145186778e+00	1.301993296019009172e+01
-2.569934738262613649e+00	1.298555667832982685e+01
-2.416474093848459237e+00	1.301561441769510274e+01
-2.402287136833165526e+00	1.308518593959397514e+01
-2.414023136135243330e+00	1.303374235349196120e+01
-2.417559904613033606e+00	1.264817460677655170e+01
-2.418930025889657998e+00	1.304372199311391611e+01
-2.599600255490093215e+00	1.309459895138414431e+01
-2.418908630408038718e+00	1.340532590087916454e+01
-2.731698215611902292e+00	1.301522948927738632e+01
-2.417846026023487305e+00	1.300868110351433060e+01
-2.420668141838696830e+00	1.301573400671341574e+01
-2.414512877987260442e+00	1.298845171088400363e+01
-2.415041474362096707e+00	1.299968932581579040e+01
-2.412906203985523135e+00	1.300900959250400746e+01
-2.416732794107320004e+00	1.356927891564452615e+01
-2.457819342941070850e+00	1.301491651872664868e+01
-2.490602249483126585e+00	1.300818073052477786e+01
-2.413214881486762220e+00	1.303681384431062895e+01
-2.418808441114121965e+00	1.281546275068636831e+01
-2.416433385546712387e+00	1.301501171811027113e+01
-2.416766678964234139e+00	1.301344099286710865e+01
-2.418266496296232582e+00	1.300763438146746509e+01
-2.410579310857469348e+00	1.296582749630038833e+01
-2.417405126895123768e+00	1.305064243491445986e+01
-2.416428590633405538e+00	1.301475641166654462e+01
-2.416513238902279426e+00	1.301288974167272450e+01
-2.413785233912976391e+00	1.304310997436063602e+01
-2.417582154346930245e+00	1.307414678541052666e+01
-2.414837506063738815e+00	1.276832900210664512e+01
-2.425948763037125921e+00	1.303729498091075989e+01
-2.810938022559292815e+00	1.307623900868707167e+01
-2.416053783926496390e+00	1.299630566468411175e+01
-3.106454495676816308e+00	1.173021807982080134e+01
-2.633783150167580800e+00	1.435038895032691286e+01
-2.707226036261562996e+00	9.830745331843949941e+00
-2.834746264408126493e+00	1.148248715568344380e+01
-2.226931008936134049e+00	1.111538340977185513e+01
-2.342123483739188217e+00	1.164101394406932144e+01
-2.664634487965320098e+00	1.315396409888444040e+01
-1.974100306219417122e+00	1.220331147644869674e+01
-2.010801738868917887e+00	1.231232361312646084e+01
-2.451117531883505674e+00	1.199620606503813569e+01
-2.163584888808374185e+00	9.676592881891956210e+00
-1.815502582742554161e+00	6.586252500888914341e+00
-2.486870137552793292e+00	5.029353544441194757e+00
-2.329274250135264346e+00	4.678032452956161436e+00
-3.216523061446360021e+00	3.872167794593524892e+00
-2.228072824406452934e+00	5.960801511216089921e+00
-2.513659348279047911e+00	5.519090034055872174e+00
-2.581449520845968237e+00	8.032881394362128447e+00
-2.462506083901621068e+00	5.089209134330491935e+00
-3.396375181417513378e+00	5.319132167580113979e+00
-2.683649360097241754e+00	5.954812227909275002e+00
-1.002900009696398476e+00	8.985698234041693766e+00
-2.212681887359033706e+00	3.616910463776441986e+00
-3.361797504344358423e+00	6.741569878590404130e+00
-2.954400735823518254e+00	5.225381164901070186e+00
-1.095995043265641566e+00	3.106386426211361851e+00
-3.869855915381211986e+00	7.200471429262130130e+00
-3.054564727834221394e+00	8.845014519786614571e+00
-3.531319745728394022e+00	5.294645563834087021e+00
-2.456556183873066956e+00	5.234654042443147581e+00
-2.929019500376705665e+00	5.418324199508669281e+00
-2.735321072450154212e+00	5.029097828160392858e+00
-2.128300265716560613e+00	5.306189610914259447e+00
-1.563614434340542925e+00	5.761036785742380317e+00
-1.832383425986369385e+00	5.276053509593904067e+00
-1.774751290813897375e+00	5.540730070070318369e+00
-1.641749014703561382e+00	5.297891787551477272e+00
-1.531580089039260129e+00	5.449144355843849929e+00
-2.529242512191938630e+00	5.324976099818511166e+00
-1.743360916526172755e+00	4.007995258941825512e+00
-2.359100485084843157e+00	1.218854910387063661e+01
-2.534389519246871281e+00	1.358100829250338393e+01
-2.650831180967659684e+00	1.383133953342411715e+01
-2.463628068393680870e+00	1.174657444511289306e+01
-2.299123783953376687e+00	9.304982720084744585e+00
-2.569118415858973936e+00	1.333777207959630395e+01
-2.313843177470073176e+00	1.266191874038238652e+01
-2.183284787159633034e+00	1.148122773728392687e+01
-2.581331189049398400e+00	1.375373393271148714e+01
-2.488848605988146723e+00	1.363942837324690771e+01
-1.769742236698674587e+00	1.274361653268158534e+01
-2.698494736204916755e+00	1.380804141705641186e+01
-2.846077076393499272e+00	1.046882950250716959e+01
-3.141143634141440710e+00	9.187049752811185854e+00
-2.660566802873559844e+00	1.383477239744646070e+01
-2.661622250961301894e+00	1.008107951126820900e+01
-2.726695765365375834e+00	1.385941803137708028e+01
-2.421853496160282671e+00	1.260748730377072491e+01
-2.579701418882441644e+00	1.372947507098806241e+01
-1.955268208834224142e+00	1.010192433758961172e+01
-2.550440991688837311e+00	1.330979365636296308e+01
-2.526940716362559680e+00	1.315640212281076771e+01
-2.155214442449013390e+00	6.461226352633424597e+00
-1.918318159009941404e+00	1.264851322756444496e+01
-2.464083502170612672e+00	1.370214548064631543e+01
-2.608320177430162978e+00	1.351171835777440933e+01
-1.881608366984139913e+00	1.040113117874118842e+01
-2.668739410994211969e+00	1.307427472764608822e+01
-2.580691877793451550e+00	1.368921786885964842e+01
-2.595782631366327919e+00	1.308521613870606082e+01
-2.594758365996758798e+00	6.505793786391780742e+00
-2.506128278138243903e+00	1.279975252662541152e+01
-2.545122582082295803e+00	1.363598108399595077e+01
-2.554659364600241567e+00	1.375719050675917998e+01
-2.598406201982962571e+00	1.381139910884583166e+01
-2.572707868612932991e+00	1.358104799088243020e+01
-2.571490541002075858e+00	1.378743397685148864e+01
-2.306316103415567031e+00	1.286551769971981862e+01
-2.535992570234536725e+00	1.382693457220301347e+01
-2.617211079968439158e+00	1.373411921071198805e+01
-2.576878623903992693e+00	1.384269700050397489e+01
-2.587371765490441788e+00	4.103734659548091912e+00
-2.383238483766325189e+00	1.354068901919570145e+01
-2.377427327389979084e+00	1.374247880253192378e+01
-2.460609482265158743e+00	1.382106866313145943e+01
-2.711953635681184416e+00	1.145928584603030131e+01
-2.828232741152897134e+00	1.402016012527804101e+01
-2.675932605517992169e+00	1.375253650880917711e+01
-1.946303593406946586e+00	5.535299520808370843e+00
-2.664868384678326763e+00	1.379276641427061456e+01
-2.158819001740217569e+00	1.268954872738333428e+01
-2.612823639136804044e+00	1.367810548326851894e+01
-2.418347983237847831e+00	1.359772435620447339e+01
-2.612829677019207431e+00	1.321669354493768900e+01
-2.257087913137511670e+00	1.096417117757182069e+01
-2.386249415546428221e+00	1.281906630574282069e+01
-2.600266576845371880e+00	1.336645407999922419e+01
-2.724864136063319453e+00	1.329932975523704641e+01
-2.844400471019595589e+00	1.384213245545089421e+01
-2.613290165644983176e+00	1.369128610214867336e+01
-2.572061694166740686e+00	1.372908392949183920e+01
-2.413028328695641989e+00	9.098179107822295109e+00
-3.028961612718684915e+00	1.325967360195264533e+01
-2.191613358639835418e+00	1.378361028823927370e+01
-2.553169303812186541e+00	1.411044505831582541e+01
-2.312043646032118538e+00	1.339102735655089838e+01
-2.482062476410634488e+00	1.292446080185651702e+01
-2.652843190241869209e+00	1.392930414643658033e+01
-2.385817791285152367e+00	1.102041729840170703e+01
-2.613280916359860040e+00	1.371476250954075482e+01
-2.615579590112064867e+00	1.325207217692022965e+01
-2.693054676096419353e+00	1.362769243866279290e+01
-2.785512547128110583e+00	1.379439167410941991e+01
-2.655377226616099318e+00	1.386937634687431320e+01
-2.494946794483534624e+00	3.858603847378581087e+00
-2.689101812741987452e+00	1.373272132237854670e+01
-2.520758410540897110e+00	1.379353524108449847e+01
-2.660763000581066962e+00	1.374723689221711886e+01
-2.489641953174738465e+00	1.374342955049568360e+01
-2.409265335778279393e+00	1.366586409068116481e+01
-2.525958092055059279e+00	1.375884968830060373e+01
-2.460617147878535693e+00	1.446118659399441952e+01
-2.798013098485672145e+00	1.370372405787886905e+01
-2.869695768812878356e+00	1.010808015997170628e+01
-2.443149396028299503e+00	1.389015196032290156e+01
-2.622820568148715115e+00	3.096019565608216340e+00
-2.556693307607936116e+00	1.377885888768258305e+01
-2.368035015235018026e+00	1.078565160936607015e+01
-2.724673084682662338e+00	1.374287537305966644e+01
-2.732067591763561065e+00	1.399026821563553824e+01
-2.594753396338316254e+00	1.376882445171245450e+01
-2.571879602630102735e+00	1.374367520723498792e+01
-2.526052916568320761e+00	1.374525516217502208e+01
-2.617143056059000106e+00	1.373559173524604660e+01
-2.661219165994769043e+00	1.373541400914124821e+01
-2.618250866265641186e+00	1.374070062030672901e+01
-2.777840875649950192e+00	1.378979007527594547e+01
-2.664267549801061286e+00	1.327131392119339104e+01
-2.629625780209007502e+00	1.346919328592019660e+01
-2.611179048592905616e+00	1.304177473359893469e+01
-2.510247119721281450e+00	1.370484176231345330e+01
-2.622113965617859144e+00	1.416415831915517920e+01
-2.615624840784549487e+00	1.354632522597267297e+01
-1.994200959008205043e+00	1.371975566573938643e+01
-2.687905516552245189e+00	1.382449960238969311e+01
-2.350947430547548400e+00	1.356419122559377399e+01
-2.755550646136924797e+00	1.398268713594090151e+01
-2.550649842702751968e+00	1.364028394555895041e+01
-2.382548589442573750e+00	1.314442322566362975e+01
-2.519131504695142798e+00	1.380609372167906024e+01
-2.229066898003024821e+00	1.374093531771301713e+01
-2.639305614401054267e+00	1.289562151347390895e+01
-2.657706180287277231e+00	1.303170830759603938e+01
-2.617845059532274643e+00	1.373590781980315612e+01
-2.608772661107468416e+00	1.367892976984103726e+01
-2.356148928795715136e+00	1.371336125979837384e+01
-2.618307147576507621e+00	1.374205182555741267e+01
-2.432736673933995508e+00	1.355146190180188803e+01
-2.607514893287722568e+00	1.373819158756626280e+01
-2.616826281841410307e+00	1.307547799951717771e+01
-2.809652596877100006e+00	1.405421650409960144e+01
-2.581802603226531989e+00	1.289795303207197996e+01
-2.521396455629812294e+00	1.371263195472621632e+01
-3.019099348245064984e+00	1.393130120991167331e+01
-2.557225117421280114e+00	1.366409406987261832e+01
-2.516081924080829868e+00	1.380036110025731055e+01
-2.701883969708419819e+00	1.374410136182447673e+01
-2.787872719530037458e+00	1.387465230715679709e+01
-2.553482117518602657e+00	1.366852414092404722e+01
-2.762502713627513540e+00	1.389899272915410400e+01
-2.618323619476760289e+00	1.372451463354286716e+01
-2.608037567982215865e+00	1.262461523764608273e+01
-2.603288453574632122e+00	1.370947366680309365e+01
-2.573290319443434893e+00	1.374375966706079666e+01
-2.525882713937740220e+00	1.371968807970671378e+01
-2.341095384121058665e+00	1.336140844718125109e+01
-2.628709395779843749e+00	1.372508507880000828e+01
-2.628629143376350896e+00	1.380699011447081581e+01
-2.510819794406153882e+00	1.377446626639634886e+01
-2.555625516952516385e+00	1.374225100075935302e+01
-2.302738094358677046e+00	1.402747069739485930e+01
-2.618310164119632688e+00	1.374212205132218756e+01
-2.616665877087133385e+00	1.374832312672782741e+01
-2.618342808622863505e+00	1.373845432207242645e+01
-2.684126416258496572e+00	1.374348157853065366e+01
-2.585017054776551415e+00	1.374378255412160144e+01
-2.532291918655534602e+00	1.363274608149930778e+01
-2.624440453276120966e+00	1.265790674864114784e+01
-3.050120458284676594e+00	1.448207214737812620e+01
-2.618060137943349908e+00	1.352904029670922448e+01
-2.557398328839807444e+00	1.237082769738527510e+01
-2.650831998466812944e+00	1.358768705971834656e+01
-2.653652759624392399e+00	1.380022897698850848e+01
-2.633021552730296033e+00	1.375239270277600312e+01
-2.408742167615543384e+00	1.374258408349474969e+01
-2.570872481524571374e+00	1.371243584275306304e+01
-2.819731281843936621e+00	1.374223220209958818e+01
-2.641841668253651410e+00	1.381188552407448888e+01
-2.471336450177957555e+00	1.339409902014767972e+01
-2.586327388201260735e+00	1.374378419193404355e+01
-2.576807813645973777e+00	1.138079944588849557e+01
-2.615115516026202069e+00	1.374308858802482547e+01
-2.744356904439655853e+00	1.372672164034894493e+01
-2.612858614039505589e+00	1.337465394481960423e+01
-2.608807266553423432e+00	1.373691613461627270e+01
-2.618703655444051925e+00	1.374976516549868499e+01
-2.595161493833231248e+00	1.371572245760184927e+01
-2.627320798362698717e+00	1.338825217115864241e+01
-2.618138643946539279e+00	1.370454061526371348e+01
-2.483841347335163707e+00	1.366466269702267944e+01
-2.628433890929013472e+00	1.372609742951705236e+01
-2.603071919009579904e+00	1.329344544425753405e+01
-2.618292089858804683e+00	1.375283504484330344e+01
-2.618198289968840520e+00	1.370041314465365367e+01
-2.623475122127213677e+00	1.371262704368987073e+01
-2.600516918120132193e+00	1.373257357734864570e+01
-1.999305734214693153e+00	1.103796764500495975e+01
-1.920092979315933590e+00	1.108445769414447923e+01
-3.068928559655621058e+00	1.176902315178644898e+01
-2.527227222772919557e+00	1.261306695245118092e+01
-1.807265433337451377e+00	1.101432384769033312e+01
-1.920573160913608746e+00	1.107913550922463131e+01
-2.571822198716348318e+00	1.156637323367234060e+01
-2.598046355497670490e+00	1.094438870790438401e+01
-1.971675108939111576e+00	1.110024340501733775e+01
-6.646254037209123888e-01	3.350595140664441640e+00
-1.893531394990155103e+00	1.076176748604911637e+01
-1.847087347497118781e+00	4.215304434654225219e+00
-2.485067559984095453e+00	1.254769029316986817e+01
-2.680744988191552380e+00	1.174058014274880613e+01
-2.538575722689538239e+00	1.114497397103132492e+01
-2.831160122141564983e+00	1.180543325590454273e+01
-3.043595596706824669e+00	1.141116889432271897e+01
-1.882525299748380565e+00	1.104247349582245086e+01
-2.274383404752887916e+00	1.150038497161697570e+01
-2.782163423793018175e+00	1.113801333485844758e+01
-1.849070106094731880e+00	1.195093866796935878e+01
-2.414594253283707914e+00	1.439301751130996720e+01
-1.987063764877369465e+00	1.106495652188218948e+01
-2.730850465774132374e+00	1.139856392438455224e+01
-2.550601909276829282e+00	1.135926337112496398e+01
-1.923722085669951953e+00	1.138072712163783606e+01
-2.229886272727559682e+00	1.226911346854494234e+01
-1.903902973163473566e+00	1.106064981956208015e+01
-1.979403745947432514e+00	1.107310363730477398e+01
-2.584897826621470607e+00	1.113379938513672229e+01
-1.846319666957757066e+00	4.126440725752692273e+00
-1.947206214371846711e+00	1.105716393558599009e+01
-1.871692971093877667e+00	1.095663026524339934e+01
-2.488602941200460883e+00	1.244507597894951623e+01
-1.941790421443696513e+00	1.109120875638414105e+01
-1.400591004706804865e+00	1.068889116727336130e+01
-2.261927693605173761e+00	8.625667287376792558e+00
-1.750301370011279500e+00	1.204187328676872148e+01
-1.990896258852170142e+00	1.101437917452108728e+01
-2.047278704936731586e+00	1.104989702403434748e+01
-2.050955661614284331e+00	1.105909791805850162e+01
-2.963400681428502548e+00	8.966245280843848420e+00
-1.754565674132533948e+00	1.058809997305805162e+01
-1.686185672705687644e+00	7.708528003397166373e+00
-1.760543790574749634e+00	1.101427160087841273e+01
-1.960540989370721743e+00	6.668511144018930636e+00
-2.094391300778752907e+00	1.105291004435002300e+01
-2.159031993069969513e+00	6.151021510056112085e+00
-1.915483962053008193e+00	1.106525390034894940e+01
-2.406810945791845846e+00	1.105230455921980237e+01
-2.555886426454728522e+00	1.117896670578733698e+01
-1.891655853875849891e+00	9.180790197517657347e+00
-1.933932234275248296e+00	1.101916321147021627e+01
-1.842268663412967689e+00	8.664356830111705321e+00
-2.397937412237860499e+00	1.092541740803383199e+01
-1.906015296614000043e+00	3.881380869155103053e+00
-1.863302315247446383e+00	4.090708974304008372e+00
-1.799739840282202241e+00	3.838455505663299849e+00
-2.456460870923405260e+00	3.537734411827205605e+00
-2.429622841372041098e+00	3.603135063700608320e+00
-1.856920863086919171e+00	3.932886795882423847e+00
-2.335072510661952983e+00	4.775338020571343378e+00
-2.299552135975710065e+00	3.962048662120794429e+00
-1.451027430958768072e+00	7.082644426316315744e+00
-1.742548395664713423e+00	4.138290200172580313e+00
-2.634372202594776891e+00	1.346398237450285151e+01
-2.290600431078725130e+00	3.965808343476762587e+00
-3.238733334576241241e+00	2.581331424828394727e+00
-1.280488716386109838e+00	3.386725088332397604e+00
-2.035391513416616949e+00	2.675549051889320129e+00
-1.868614042769453309e+00	3.539335901120643335e+00
-1.759457838425737553e+00	3.433770459919208484e+00
-1.672547338368709946e+00	2.783026114885663205e+00
-2.019823560561939235e+00	3.040206104764906492e+00
-1.896329972942646380e+00	3.954044230530005866e+00
-1.770300724919005253e+00	6.926898720383647401e+00
-1.744761301094853279e+00	3.687894585109946721e+00
-1.862407467226396607e+00	4.171907292621567009e+00
-2.098629117899049490e+00	3.940086712373644495e+00
-1.907250656026704849e+00	4.103768965549198455e+00
-1.921374502689996877e+00	3.951404184566665201e+00
-1.971286922435449451e+00	3.404266695264091425e+00
-1.788971482644216460e+00	5.034309302802834729e+00
-1.833962663540879667e+00	4.082725300023924753e+00
-1.769020121953579050e+00	4.042934132663932090e+00
-1.953084745158978786e+00	3.582111161486766893e+00
-1.858854580775479048e+00	3.878643282254783831e+00
-1.600360608310861021e+00	5.323848083016208044e+00
-1.790995780230248524e+00	3.952474066236086436e+00
-1.948951281689998760e+00	3.950592678433378246e+00
-1.977989971214872966e+00	3.427226190512904225e+00
-1.740136553359272975e+00	8.128583002935755530e+00
-2.269786038533657457e+00	6.356579520663991012e+00
-1.509185333127542439e+00	3.980818730074788370e+00
-1.816182564969480273e+00	5.584562903449276305e+00
-2.362159584170914872e+00	3.976072525544686265e+00
-1.686036844232658538e+00	8.354683907710640511e+00
-1.795960692611424214e+00	4.049419757413000198e+00
-1.007791368675867716e+00	3.704696581819078016e+00
-1.988914761472569959e+00	3.979530854513165572e+00
-1.799536404882946306e+00	3.383341656409966980e+00
-1.815874997058487983e+00	4.116484521628121840e+00
-1.743639375652977330e+00	4.007487129182698560e+00
-1.836291641597444180e+00	6.010206397464066264e+00
-1.743527124423263075e+00	4.007508762345843856e+00
-1.896470510654487907e+00	3.880828770335677191e+00
-2.195969966965684250e+00	1.461091451441658862e+01
-3.838741994687921988e+00	5.828759553137180305e+00
-3.085406707109983770e+00	6.916925010352487746e+00
-2.396657437242184052e+00	1.469296257767846647e+01
-2.524781118060319685e+00	8.040165893776237027e+00
-2.435742952593573207e+00	1.465914131194059422e+01
-2.343209599557378731e+00	8.612638829288258080e+00
-2.240751005354006065e+00	1.452383622655598927e+01
-2.450830413027394350e+00	1.457996609552188261e+01
-2.322270556289121490e+00	1.467621372573457350e+01
-2.090003292311101823e+00	1.477960804290922070e+01
-2.160406136920306253e+00	1.449237548649722029e+01
-2.272039876449898799e+00	1.449299074700133438e+01
-2.223965600892253480e+00	1.315225780075326334e+01
-2.240151385580094523e+00	1.235776561851442779e+01
-2.489911188569145395e+00	1.151393946836687299e+01
-2.368996037466476245e+00	9.808762350464341750e+00
-2.148205751542804798e+00	1.471407494407924865e+01
-2.400279582302076609e+00	1.438765753137523618e+01
-2.467630047139935279e+00	1.143806300269602616e+01
-2.579211535273700839e+00	1.412349064463418102e+01
-2.291800890091181486e+00	1.468868945980480945e+01
-2.386121599907774282e+00	1.145688310815478061e+01
-2.307446516062053643e+00	1.419216688132735804e+01
-2.831142434930888907e+00	1.023338857053636630e+01
-2.238813347062639458e+00	1.358951806843730559e+01
-2.335710266492418530e+00	1.153121127022188830e+01
-2.601048715932016808e+00	1.418518439488126148e+01
-2.236122487775862755e+00	1.340917828725810068e+01
-2.281931782842258727e+00	1.246721639451578767e+01
-2.245923034570288301e+00	1.426233065239173392e+01
-2.553841401713484061e+00	1.448258635886469925e+01
-2.478856350710474832e+00	1.433063121638374504e+01
-2.435156844679522425e+00	1.308744466873786116e+01
-2.928630953872692899e+00	1.444283951081031425e+01
-2.493577373674997766e+00	1.034749281221358252e+01
-2.526122061238888605e+00	1.435288307101253835e+01
-2.268208766914145080e+00	1.437589091904885130e+01
-2.339869096415642780e+00	1.440275267718955909e+01
-2.383886214666233183e+00	1.445034846389312655e+01
-2.254110007395357496e+00	1.453468423165142909e+01
-2.236653491971353436e+00	1.444697564148600044e+01
-2.495992595367772182e+00	1.457881524619478775e+01
-2.430295652849224997e+00	1.454713515005276747e+01
-2.225911423494593588e+00	1.449224597088316990e+01
-2.159466490819273776e+00	1.395277173832672091e+01
-2.304463205897079980e+00	1.456348821665451965e+01
-2.236247101747105059e+00	1.447335441156547731e+01
-2.793651427707279922e+00	1.455274799184996581e+01
-2.276987800017780117e+00	1.411266824365704053e+01
-2.282787918288789353e+00	1.436736839927190523e+01
-2.255632468252683154e+00	1.447113692137180507e+01
-2.240132806203119387e+00	1.328860207888916989e+01
-2.557003598231561980e+00	1.453241685539049399e+01
-2.315974507436688423e+00	1.448632087888507591e+01
-2.348517761535188431e+00	1.440717686558275012e+01
-2.159742765400413766e+00	1.445063977682036516e+01
-2.519879591064964508e+00	1.457224023087079168e+01
-2.249961048526619489e+00	1.454854046763484199e+01
-2.585185294641529907e+00	1.451782339808293898e+01
-2.235955902092067404e+00	1.451091522513686272e+01
-2.242045281253657318e+00	1.356610441011789092e+01
-2.275814463953784283e+00	1.430563831312273848e+01
-2.287663152548561563e+00	1.454069387087936782e+01
-2.213214441858631698e+00	1.477790740731091645e+01
-2.569138983959798228e+00	1.075078292340968389e+01
-2.153584078710951477e+00	1.277900831115522351e+01
-2.045490933691703539e+00	1.378044420826495831e+01
-2.766138345938329302e+00	1.462956916076281466e+01
-2.295216284373690296e+00	1.174183304213148737e+01
-2.235922879563457588e+00	1.455423692210490216e+01
-2.201772424040654208e+00	1.468766232168985830e+01
-2.241421332359122331e+00	1.462193816333443053e+01
-2.195753056531461134e+00	1.457391003348054781e+01
-2.246178960506778122e+00	1.456305109237409035e+01
-2.274022542105348599e+00	1.454446320807869952e+01
-2.238877631879332419e+00	1.464427712057161202e+01
-2.238640781153466541e+00	1.455415773031413629e+01
-2.235919042986738159e+00	1.455511068750590198e+01
-2.226973184660995475e+00	1.468793215108791905e+01
-2.272734605693553789e+00	1.454769130516069353e+01
-3.262796329185245536e+00	1.457444700308395369e+01
-2.240437396606276721e+00	1.456968743247712439e+01
-2.249357910162498086e+00	1.418948309328419199e+01
-2.207235073161525118e+00	1.457426757516024196e+01
-2.209272436959044406e+00	1.457924780818996879e+01
-2.237919997350397594e+00	1.373111361662585495e+01
-2.294043563396284124e+00	1.457562920306398624e+01
-2.237028393731816056e+00	1.457118582812669061e+01
-2.247590712878618113e+00	1.456876861687812230e+01
-1.206702001787846257e+00	3.267209953741499362e+00
-3.256965204805093439e+00	2.478385778197038647e+00
-2.261423626579867729e+00	1.008880498047076557e+01
-2.279236838923123010e+00	3.921765600555464637e+00
-2.776569330589117257e+00	4.254521468314308663e+00
-1.873637608157334711e+00	3.510404894164166567e+00
-2.850422271100429228e+00	2.556897131572241744e+00
-2.104164486097751308e+00	4.636988450476627222e+00
-9.667268880059529668e-01	3.053289595676882406e+00
-2.090176382906522523e+00	2.896713402257187653e+00
-1.335657058200327318e+00	3.741309768776450717e+00
-2.770250638365771234e+00	9.282054230646558324e+00
-1.278235261028517034e+00	3.066619077598620180e+00
-1.843683020193379374e+00	3.928510229806144061e+00
5.322110975454238391e-01	3.566103706106011018e+00
-2.582757418009714812e+00	6.670798106806119954e+00
-1.477446837738261909e+00	3.594120946360673585e+00
-4.017419889585179815e-01	3.551560904025297560e+00
-7.037633042433846797e-02	3.821708172141402127e+00
-2.551844055201641925e+00	3.763152926604300674e+00
-1.094962718848785155e+00	3.206214205812568441e+00
-2.319480782862148871e+00	3.730959907326656833e+00
-1.215408709506279550e+00	3.838907020610969667e+00
-1.305784677694209028e+00	3.684416790927877994e+00
-2.775898591845787244e+00	1.256962745332662834e+01
-2.605690747146174324e+00	7.688143980100353936e+00
-1.731691141584565274e+00	1.001532381032481567e+01
-2.771259439753372966e+00	7.120987641977299276e+00
-1.793601644964347042e+00	8.081598470253148037e+00
-2.299203305411602560e+00	4.846875611504787074e+00
-2.753063790284574264e+00	1.128473505514837072e+01
-2.644620690589848166e+00	9.130605448408608993e+00
-2.204602792849243542e+00	8.573144796134331003e+00
-2.330207745267324881e+00	7.848410354891381502e+00
-1.697350364380708854e+00	1.010781821858662077e+01
-2.704045229289024466e+00	5.256280980134121705e+00
-2.395728708410307384e+00	7.800553040879508515e+00
-1.823285591629181246e+00	8.690045331202147949e+00
-2.715819493058890366e+00	1.037196746125935221e+01
-2.434812769857654935e+00	9.903165288457394411e+00
-1.892486065011156793e+00	1.000582973097490225e+01
-1.922286526287692698e+00	9.076397657634247551e+00
-1.574153101872424187e+00	1.261880090357936801e+01
-1.904477410406126836e+00	9.397620490237251545e+00
-1.788310007642003097e+00	9.181303488461573181e+00
-1.875895046130896748e+00	9.913813598714545705e+00
-1.808501908083206322e+00	9.321687619051848728e+00
-1.864979577743668404e+00	8.696403904061334345e+00
-2.917619154620614719e+00	1.069805428545871706e+01
-1.864801752611975116e+00	1.006686328314643042e+01
-2.556579456198196709e+00	9.316387206453024206e+00
-3.170819058783006295e+00	1.171551976723130295e+01
-2.593037593793341422e+00	5.558549680525629810e+00
-1.710255823221519034e+00	1.003079248454506356e+01
-3.285683920600357411e+00	9.842433807063548201e+00
-3.103680716276485008e+00	9.456506831386839451e+00
-2.388971315520630245e+00	1.119603553141164909e+01
-2.386937756479068362e+00	1.010148301981811869e+01
-2.182618240298367596e+00	8.256716824009057376e+00
-1.863096502478612804e+00	9.973770954185926740e+00
-1.847105497856469380e+00	9.879682169443606554e+00
-2.861866926923110732e+00	9.908420681943912456e+00
-1.645170726129441263e+00	1.009147996599170050e+01
-1.560052829615717451e+00	9.111183937698850599e+00
-2.614595545123235887e+00	9.944932096624407691e+00
-2.733045173141747775e+00	9.944235971847414035e+00
-1.658404323333242836e+00	1.008843137598660533e+01
-2.573048877902623488e+00	9.871442103077257002e+00
-2.370818405801249806e+00	1.243626135717232195e+01
-1.647375607695876321e+00	1.006359367533906557e+01
-1.925976348319548004e+00	9.479019504498440440e+00
-2.902976697975662823e+00	9.932359300757857667e+00
-2.074094279319679934e+00	9.832075933396227541e+00
-2.389601068374131998e+00	1.020962801483299032e+01
-2.418796658094033880e+00	8.510484641774649361e+00
-1.645397130743508907e+00	9.832982585103049900e+00
-2.732178648470970028e+00	9.963180342345236085e+00
-1.762565989993410742e+00	8.785184499246895484e+00
-1.599855731443636131e+00	7.186565990663771331e+00
-2.314273135429203432e+00	9.920390587664416060e+00
-2.711429378784936617e+00	1.004785294971846810e+01
-1.969902037403866712e+00	1.006519393982754096e+01
-1.635820624615389685e+00	9.382615632525739713e+00
-1.639160353383783741e+00	1.001099110062165565e+01
-1.921039071109211127e+00	1.006871486047366915e+01
-2.047431583897092899e+00	1.262038531090246529e+01
-2.494645840561990013e+00	1.005655250747880025e+01
-1.632862324374414920e+00	9.160718537592513755e+00
-2.550970613868755343e+00	9.792687627793956295e+00
-2.532436228396817146e+00	9.992461937410606510e+00
-2.732123404233836261e+00	1.357022179436696341e+01
-1.684380570568736024e+00	1.006589270787227619e+01
-2.284861229355516166e+00	1.006230334437437079e+01
-2.578174772405849691e+00	1.245844782983271593e+01
-2.615945488376414829e+00	9.712016539160231332e+00
-2.422953882740113141e+00	1.002961018308177366e+01
-3.313742864473085081e+00	9.845202336163213275e+00
-1.956997236112415939e+00	1.006062511182590313e+01
-2.651452171102428146e+00	1.435797128152823632e+01
-2.234653385669376657e+00	1.333954573171715374e+01
-2.027559791443097836e+00	1.097496904472629886e+01
-3.287964763030090332e+00	1.450034751493721785e+01
-2.494696914749447103e+00	5.895160294983202931e+00
-1.794416209427234898e+00	1.091583901717627114e+01
-1.969132571421520872e+00	1.103901685861462489e+01
-2.410928687549955818e+00	1.060959489645873077e+01
-2.121199701237011404e+00	1.278747423597759081e+01
-2.652669607352311942e+00	1.413338832245066534e+01
-2.848382424239214838e+00	6.519856498747060414e+00
-2.999112053534561007e+00	1.109323260748270989e+01
-2.046743819001530795e+00	6.186864075957472231e+00
-2.882294688732672583e+00	1.213715857228068273e+01
-1.951310444330394134e+00	1.083427253402664725e+01
-2.050541074347564052e+00	1.128700879483917419e+01
-2.353624395408762116e+00	5.744673278117876869e+00
-2.149313643628707915e+00	1.220062190929499124e+01
-2.427458191899366291e+00	1.130942113529387605e+01
-2.413099565054256601e+00	1.038227372532760917e+01
-1.904381834115600691e+00	1.108088524805652675e+01
-1.896357362582367312e+00	1.091567054316832674e+01
-2.279212739065267002e+00	1.120322300624094503e+01
-1.883330135364597702e+00	1.106719233535748614e+01
-1.992538004127651918e+00	1.099121569615115490e+01
-1.965426463787232958e+00	1.126973073316998786e+01
-2.472940451745656798e+00	1.043734078022822054e+01
-1.906569024305304394e+00	1.106821917459057403e+01
-1.663150326365489207e+00	9.672552064560667517e+00
-2.031718235133405770e+00	1.144760059939641472e+01
-2.536379009389383210e+00	9.857034125891020793e+00
-2.112051581457860205e+00	1.110434529868357778e+01
-1.922803402923139782e+00	9.277867997829469360e+00
-1.958501003375590743e+00	1.158259091023864684e+01
-2.096071944738696402e+00	5.548680409908177680e+00
-2.082660577146371317e+00	1.127821501475212962e+01
-3.144883960855025862e+00	5.837319233019620413e+00
-1.869092393962323406e+00	1.101614227564568438e+01
-2.157687579266251987e+00	1.115712264000334031e+01
-1.886589515371857928e+00	1.109047948545891416e+01
-2.589267092803922310e+00	1.104539673295266233e+01
-1.908215795757709055e+00	8.892023434187388276e+00
-1.814359302717123645e+00	9.478536084229348901e+00
-1.950559722308872423e+00	9.815186074534853589e+00
-1.814755125301595662e+00	1.101041248181263832e+01
-1.802835555840882842e+00	1.075887082445320786e+01
-1.892364329389492728e+00	1.106877917840174952e+01
-2.724376253049873409e+00	1.003575341577536051e+01
-2.792524339945116285e+00	6.894674012346134084e+00
-3.028996891437195860e+00	5.113564918806456916e+00
-2.481939694477143021e+00	1.093189352204693776e+01
-2.333404435938466470e+00	1.054865621048682378e+01
-1.991685078153702992e+00	1.228676074533328055e+01
-2.789206047252739129e+00	1.108240014437650700e+01
-1.935656167297981289e+00	1.090807628425625531e+01
-3.030660422423715694e+00	1.025284014933885501e+01
-1.923236009646510647e+00	9.151133822679032193e+00
-1.825628095066095691e+00	1.041919058664984377e+01
-2.010919214649632192e+00	1.209981701689376443e+01
-2.061760132774680621e+00	7.823039903928388661e+00
-1.862214944851875220e+00	1.096644911660357558e+01
-1.915344059610650129e+00	1.105187964879522333e+01
-2.133961537319108537e+00	1.106939268916960550e+01
-1.907133206537081405e+00	1.106185517505328164e+01
-1.876912964873365786e+00	1.150396272269480136e+01
-1.806502317948458947e+00	1.017594730453139995e+01
-1.936718770232943143e+00	1.105373760354014223e+01
-1.851035622888510535e+00	1.090176504030347182e+01
-1.985948901629201124e+00	1.085593553073401374e+01
-1.959956309539519825e+00	8.688967864596177648e+00
-3.093007949438885795e+00	1.096833129854682376e+01
-1.895695389455616997e+00	1.106710120595832336e+01
-1.914407146334154985e+00	1.106658813660783913e+01
-1.884185101184659539e+00	1.104264857213909146e+01
-2.060823463737916583e+00	1.116876692280439265e+01
-1.848113699499553730e+00	1.089032794765829770e+01
-2.067044455715290052e+00	1.148544941702297528e+01
-1.950931896427621659e+00	1.091830385427618566e+01
-1.899120145489601175e+00	1.106168420696777943e+01
-1.882966871082210503e+00	1.104267723251865796e+01
-1.883490231201896403e+00	1.104248702196681009e+01
-2.319212315768023114e+00	1.103690760042491625e+01
-1.930235327210255925e+00	1.223773452155978880e+01
-1.883121719711700726e+00	1.104247958101345439e+01
-1.882745766782192742e+00	1.104247856585287302e+01
-1.885829437539953579e+00	1.104247532306620982e+01
