1.748298353617569134e+00	3.998003784311504827e+00
1.478683982559949150e+00	3.975904284333458438e+00
5.186896427125423648e-01	3.958461865055070472e+00
9.320622575441369628e-01	3.945748843943460482e+00
2.274671770158652073e+00	3.961261307508303631e+00
2.193624758362265670e+00	3.975712401082044156e+00
1.482366133433130839e+00	3.979570110684816697e+00
1.510634921539515618e+00	3.995990174647967574e+00
3.513666984344416822e+00	3.990096602199776132e+00
3.460984695065409955e+00	3.997473504404888356e+00
3.507165696497663632e+00	3.990204162253366604e+00
2.304817415735113784e+00	3.979131548876990720e+00
3.457173216620870626e+00	3.993809418790901233e+00
3.562156799175806299e+00	3.992526444579751921e+00
2.925185001722834244e+00	3.971032920882478390e+00
3.251932919286599333e+00	3.962303137690931454e+00
3.262304313152087243e+00	3.967474987661095298e+00
2.350219852233625950e+00	3.992532685395524084e+00
3.466956155432658893e+00	3.997174203090973155e+00
3.143847174389263976e+00	3.978981849837786910e+00
3.436600303279967239e+00	3.998427628547039703e+00
3.413222804086900819e+00	3.989153936005921608e+00
3.434960105651860385e+00	3.997540505066822902e+00
3.289089956811150905e+00	3.984030809535168860e+00
3.308024401333430564e+00	3.986674689763221036e+00
3.426516518376900855e+00	3.989495926926223568e+00
3.333606835846674166e+00	3.999499796345300062e+00
1.938713285261315145e+00	3.995006024294797342e+00
3.184635574488654086e+00	3.995300502287482125e+00
1.820596638548943380e+00	3.995895332979673142e+00
2.011638241354891665e+00	3.977451920693985343e+00
1.871986716038270604e+00	3.996181124871095225e+00
2.247301322969156523e+00	3.953142779262019957e+00
4.619029129170701964e-01	3.969853809648615783e+00
1.357026376227472575e+00	3.990784124084306050e+00
3.061312523261006113e+00	3.949276936104232583e+00
1.867876112378689335e+00	3.995879752382838213e+00
9.446096367105798475e-01	3.948083285084676763e+00
3.622110876209742258e+00	3.979010584969079556e+00
3.733480784201435032e-01	3.987569728363943522e+00
8.087525598278436090e-02	3.954439154051739180e+00
1.527916482524986019e+00	3.997971929960705495e+00
1.002717263599907538e+00	3.976012067744369549e+00
2.927947953655625213e+00	3.976316388086114095e+00
1.645259041640707132e+00	3.993619315760940314e+00
1.460603922067786442e+00	3.984049430934894609e+00
2.131273129755362206e+00	3.993409364754511248e+00
3.166457394849772733e+00	3.993608674086378763e+00
1.595912246683260260e+00	3.993936747695137068e+00
1.110229567842445642e+00	3.990783163844916714e+00
1.051433119327917165e+00	3.992072908401597342e+00
3.843414924638307362e+00	3.979473711968009475e+00
3.255163422599798850e-01	3.987615407135336021e+00
1.153547393936891208e+00	3.992001519381152441e+00
7.758505797760189004e-01	3.992595288948542542e+00
1.608702183840797106e+00	3.998974154817352744e+00
1.492583040690221630e+00	3.993267941743233518e+00
1.592047870778939389e+00	3.993943616233657234e+00
2.055195540347900529e+00	3.993833185912847750e+00
1.296010275219293018e+00	3.992487096361847509e+00
5.709351086666376585e-01	3.994807921777215221e+00
1.581849580900867025e+00	3.993763945352183597e+00
5.823199812048485136e-01	3.994269346311885016e+00
1.719964962417463994e+00	3.996196904510545433e+00
1.643895407221434901e+00	3.991865568577005252e+00
1.675041687253133738e+00	3.999277709834200945e+00
1.503610422730023988e+00	3.994702422511251960e+00
1.333629787269980937e+00	3.994132626896936156e+00
7.885761656524756802e-01	3.994233026047735891e+00
1.309573597678483914e+00	3.994277939075842720e+00
1.620824857812382502e+00	3.994197735849756903e+00
1.575028797647111123e+00	3.994063472550182681e+00
1.726653680092243182e+00	3.996414651017067943e+00
1.801910566453720053e+00	3.996070265769847474e+00
1.630234474571717662e+00	3.995086610709663866e+00
1.623069001866918271e+00	3.994112617040041169e+00
1.737987418442367815e+00	3.994232599996050848e+00
1.156260329067327675e+00	3.994274123799882670e+00
1.552718771504032924e+00	3.985992867953993546e+00
1.629208680650453100e+00	3.994276286912568086e+00
1.375533105656705279e+00	3.994353005886690067e+00
1.424194440712586607e+00	3.994394235290529949e+00
1.636300666493045286e+00	3.994152291072790462e+00
1.668711376924590040e+00	3.997172386685146517e+00
1.774731842552578431e+00	3.994348423357837241e+00
1.663860944132084851e+00	3.998832179824079791e+00
5.588035695531559099e-01	3.994386878460656654e+00
1.651832091300831307e+00	3.993545546028823168e+00
1.661478420097401543e+00	3.994281461811135081e+00
8.128117532203633644e-01	3.994321090929736418e+00
1.715929824917258095e+00	3.982576748708541725e+00
2.024428897802394101e+00	3.994414422202854364e+00
1.741160402416700226e+00	3.996622316997994417e+00
3.790470535686822462e+00	3.966410310925444271e+00
2.621557216335159701e+00	3.969066483953572089e+00
-3.101213365581872994e-02	3.987844726841196952e+00
2.346970060121114532e+00	3.982074206309733633e+00
1.148395434762999434e+00	3.990288944947477212e+00
2.530656208269668639e+00	3.999941797930208320e+00
1.436799046116570500e+00	3.994738857965933754e+00
2.497498275632430875e+00	3.996168601802927434e+00
2.654406915156390045e+00	3.989809809153105125e+00
2.633971569560316084e+00	3.965024830766336272e+00
3.072232512153077355e+00	3.981416222160022222e+00
2.868239055451881736e+00	3.961616433883040411e+00
2.684475014030030859e+00	3.994467000292312608e+00
2.750686786169822540e+00	3.967420416416691076e+00
2.415280638004716707e+00	3.993106450986812828e+00
2.759836044697303592e+00	3.965706421407567905e+00
2.989215094360529790e+00	3.976160644574917580e+00
2.909295981949544085e+00	3.952226960664271260e+00
2.764952564673284208e+00	3.977064763797920399e+00
2.833459469759178617e+00	3.976507384013317381e+00
2.754514568559625953e+00	3.967689899229216444e+00
2.773990931795810688e+00	3.993792659926326039e+00
2.780889302350682879e+00	3.999612262959095776e+00
3.706007062068283897e+00	3.988030605726037070e+00
3.665774804823715094e+00	3.976731197435689147e+00
3.818375494209433452e+00	3.974722183050905411e+00
3.676455638455670805e+00	3.991213519723261438e+00
3.656538248639692235e+00	3.967880294906346084e+00
3.660371676936243546e+00	3.966227441023051359e+00
3.992877776480934671e+00	3.951531663642552594e+00
3.671379320010647263e+00	3.993208386326831949e+00
3.661007161354542294e+00	3.966010958861715618e+00
3.726403389428972535e+00	3.979052086143676448e+00
