-9.414566510496018559e-01	-5.872152961120288950e+00
-1.789397964054106449e+00	-5.715246275613433014e+00
-3.689422919597805439e+00	-5.217806686411341488e+00
-3.077008792005187399e+00	-5.411779972715528686e+00
1.212870354448392085e+00	-6.098597192587629223e+00
8.362771794178640583e-01	-6.072524780263177213e+00
-1.782160757135326179e+00	-5.720753177401381784e+00
-1.713972308473269202e+00	-5.751307635417725272e+00
8.355759074672212350e+00	-6.746930094371984765e+00
7.980941555072119442e+00	-6.727965851937593555e+00
8.310007060436575443e+00	-6.743787010502198420e+00
1.333051770998897823e+00	-6.131540256744547612e+00
7.958237230929796624e+00	-6.722396027101336102e+00
8.696434617334674044e+00	-6.773604844167655514e+00
4.585674373421738892e+00	-6.433625421743895956e+00
6.612764573848933125e+00	-6.588269597334231342e+00
6.675154443949615768e+00	-6.598627144237139142e+00
1.531000668437522805e+00	-6.167642611512336615e+00
8.022610780601430847e+00	-6.730652280807302823e+00
5.904793206077572520e+00	-6.550905437032419343e+00
7.811794015956923687e+00	-6.716727780187023100e+00
7.660935974332923948e+00	-6.695765338049372239e+00
7.801410422353017182e+00	-6.715020557892753317e+00
6.834081934460810359e+00	-6.628575787940744313e+00
6.956350750054181020e+00	-6.640686890429936540e+00
7.751519523783534815e+00	-6.702754186114674440e+00
7.113434739658374362e+00	-6.666303214268637589e+00
-2.363968218460756887e-01	-5.964362666925454803e+00
6.146603240011198288e+00	-6.587618289531809168e+00
-6.813232126839610103e-01	-5.906193652254144943e+00
6.923649338741633130e-02	-5.983271041371430954e+00
-4.918468598473464404e-01	-5.932174482890230749e+00
1.097220456956900847e+00	-6.076793440746598662e+00
-3.756499508687341393e+00	-5.200805266107151326e+00
-2.149263538307240040e+00	-5.669297312198041894e+00
5.422357428970435045e+00	-6.479933197734736083e+00
-5.069185811879122205e-01	-5.929817808572183324e+00
-3.055795919318183174e+00	-5.420388103439966798e+00
9.140676614587826876e+00	-6.790066023073951129e+00
-3.848180940703930020e+00	-5.174243767574015607e+00
-3.947898347021458143e+00	-4.994876782043131236e+00
-1.663443152389179502e+00	-5.761930171223198727e+00
-2.970570157023082913e+00	-5.477370699544323429e+00
4.596562831230049717e+00	-6.440290364913926702e+00
-1.286742001660442281e+00	-5.816248836581293880e+00
-1.850685613775094218e+00	-5.714351391968787830e+00
5.489157888627054227e-01	-6.059045929632192795e+00
6.032843759312430443e+00	-6.576837371511265573e+00
-1.447000848581525556e+00	-5.791892871036766977e+00
-2.758173470533293425e+00	-5.545897947766139424e+00
-2.886561303981963533e+00	-5.517789468065555702e+00
1.079236457096447666e+01	-6.901181174287163600e+00
-3.881654518057019665e+00	-5.150373578265326380e+00
-2.661329929322559185e+00	-5.568775216349598267e+00
-3.390651166809758088e+00	-5.380520578836551771e+00
-1.411051438523203139e+00	-5.803325246737751186e+00
-1.765463808387165656e+00	-5.739559462088344333e+00
-1.459327193381902532e+00	-5.789967551623126596e+00
2.299955231530508293e-01	-6.021430956086797792e+00
-2.312844462887859720e+00	-5.640492233971493796e+00
-3.668841023469029849e+00	-5.280275476110533717e+00
-1.491515848755935014e+00	-5.784688735802617110e+00
-3.655172785801469981e+00	-5.285429336914309495e+00
-1.037917432566837217e+00	-5.856179385719277875e+00
-1.289473458693278118e+00	-5.813813272187722703e+00
-1.193513055798375966e+00	-5.836798553460767813e+00
-1.733858119168890433e+00	-5.746507633876263732e+00
-2.215564217403161784e+00	-5.660947520531927069e+00
-3.372380657012575167e+00	-5.388521108873973731e+00
-2.279294931339275188e+00	-5.649064737915084677e+00
-1.367124516147226743e+00	-5.804610164755947821e+00
-1.513347759132478210e+00	-5.781577871373738020e+00
-1.015081720040981406e+00	-5.859741491063189756e+00
-7.491885762722811926e-01	-5.897025548996707833e+00
-1.337422168627539598e+00	-5.810203847995522253e+00
-1.359759632218766612e+00	-5.805647117973499860e+00
-9.736323333320848761e-01	-5.863226309217234977e+00
-2.657336175224997987e+00	-5.572404288333546063e+00
-1.575057284573000427e+00	-5.762352253706009897e+00
-1.339955361805778011e+00	-5.808880627237794414e+00
-2.102261681129109050e+00	-5.682119558715042373e+00
-1.966064430333892776e+00	-5.706491455646823141e+00
-1.316672419907206404e+00	-5.812302624319313438e+00
-1.212574727207585301e+00	-5.831528075147441648e+00
-8.446753103877671087e-01	-5.881714344634126235e+00
-1.230398938415966814e+00	-5.830762651890122328e+00
-3.682125449115307703e+00	-5.273788663237234609e+00
-1.264996288177545392e+00	-5.819461591679238488e+00
-1.233770921361777351e+00	-5.825020671859835630e+00
-3.333658144756575403e+00	-5.400726967539918100e+00
-1.038161584667969706e+00	-5.840541661167170773e+00
1.038979400545616549e-01	-6.006628871104051193e+00
-9.649827700541089293e-01	-5.867202518206344308e+00
1.040125657098450418e+01	-6.861645578768855280e+00
2.903495754565379450e+00	-6.279845092121151495e+00
-3.986882974407310432e+00	-4.972338660013287281e+00
1.526194256795174731e+00	-6.155559236370290677e+00
-2.671476870362978762e+00	-5.564486662328977040e+00
2.404279046523608354e+00	-6.265269902065043084e+00
-1.930347359044446875e+00	-5.713138381024219115e+00
2.241329034984038238e+00	-6.244917739619142871e+00
3.056066262076957418e+00	-6.317013266731300369e+00
2.972781398485699000e+00	-6.282010615546494314e+00
5.457196386570386970e+00	-6.517532478236560678e+00
4.265178845336462743e+00	-6.395735961608981057e+00
3.211939100659221946e+00	-6.336704507307327816e+00
3.598857379192575756e+00	-6.342763809501602346e+00
1.840474109333658514e+00	-6.200746769989171625e+00
3.650988572202888971e+00	-6.345624443756220145e+00
4.959246235777913014e+00	-6.470768191755182031e+00
4.511776149923489854e+00	-6.406874951639043303e+00
3.667897921095451430e+00	-6.359541046134562947e+00
4.051985182754648918e+00	-6.393237118892907134e+00
3.619660609178005473e+00	-6.344947183509029642e+00
3.701233029759063875e+00	-6.380788125824231827e+00
3.733733048969372081e+00	-6.390056914134436994e+00
9.746457738373957014e+00	-6.841034136760178797e+00
9.461173722244655693e+00	-6.809618599847546250e+00
1.060526923172822933e+01	-6.883909930155621915e+00
9.525112541809232169e+00	-6.829441338951096618e+00
9.402391668858681939e+00	-6.796149419226192201e+00
9.432093372293996580e+00	-6.796413279491172688e+00
1.199154127427278027e+01	-6.947970551883019930e+00
9.485817725075012419e+00	-6.828898046332155580e+00
9.436962476627527963e+00	-6.796514539538986988e+00
9.907030134604058347e+00	-6.842253780858162493e+00
