9.996357130894780729e-01	9.360734288222460897e-01
6.922026080285781369e-02	9.999999789463770439e-01
2.508368920845039929e-01	9.999998111189832839e-01
9.989902557763358226e-01	9.668490566787626417e-01
9.287834869690236861e-01	9.996975882314135253e-01
7.090919856749950956e-01	9.999875767736863263e-01
9.696432508012101659e-01	9.988570275571149182e-01
9.890387504495354865e-01	9.959600280091190916e-01
9.533770716069066564e-01	9.993918606063242338e-01
9.883615937936498508e-01	9.962205660186770340e-01
9.912189096342871597e-01	9.948669321146748068e-01
6.978004029253492835e-01	9.999889416268840092e-01
5.813529805829067421e-01	9.999963638314085523e-01
9.783292363634913391e-01	9.982061897459881816e-01
9.763519260278260559e-01	9.983983691633094848e-01
7.625860897560674534e-01	9.999777343576639055e-01
1.162555029841397802e-01	9.999999577317636446e-01
8.459900070821649853e-01	9.999347456153563352e-01
9.999260734188886168e-01	8.543136717072411512e-01
8.732046931264784151e-01	9.999001260815107983e-01
9.997200349516233153e-01	9.255985746881462140e-01
5.944732713314575534e-01	9.999959027221990704e-01
9.999937451541163203e-01	6.398860874530629683e-01
9.989992153849561740e-01	9.666409289637394320e-01
5.189144854322222944e-01	9.999979150681790330e-01
9.999845184886957394e-01	7.298967004115659574e-01
9.999993573059148266e-01	3.841254694591610397e-01
9.771331440493098430e-01	9.983265402918142239e-01
9.092700810197392736e-01	9.998052594485360434e-01
9.588643690963937205e-01	9.992635692589356688e-01
9.518110716269594374e-01	9.994224297422922287e-01
3.512972308424922030e-02	9.999999892066265827e-01
9.999995323335264530e-01	3.482996099734035900e-01
9.998765033029167748e-01	8.855399791517145625e-01
9.988947564950722002e-01	9.689046873621228739e-01
9.945908951456627900e-01	9.916462999865220951e-01
9.808113288432610544e-01	9.979073377479940055e-01
9.982578800000571073e-01	9.778316617524742682e-01
9.891457925326576639e-01	9.959160240885952531e-01
9.986412180786542470e-01	9.732410235556975264e-01
9.847236967600615509e-01	9.972376361954207180e-01
9.974702036340773459e-01	9.835587341982101606e-01
1.381226578338023980e-01	9.999999441308536907e-01
9.933389044611775631e-01	9.931844044626185752e-01
2.090295085550449850e-01	9.999998760345280013e-01
7.778520132332503723e-01	9.999733804226895728e-01
9.618368557538297114e-01	9.991765532254888171e-01
9.999378513031883520e-01	8.426593316595764049e-01
9.999997765019636997e-01	2.682419046993034240e-01
8.011993193838615746e-01	9.999645448586549357e-01
9.904012504631796165e-01	9.953312517037411489e-01
3.601122976870652082e-05	9.999999978252704924e-01
4.811322649561114995e-01	9.999985017478865146e-01
9.979862014893307043e-01	9.802142118485832611e-01
9.992076600611621284e-01	9.608305781967505510e-01
9.044467938838507415e-01	9.998235350708016833e-01
4.571773634559113120e-01	9.999987837106112387e-01
9.962446161862424931e-01	9.882950592373117571e-01
9.967545657053403785e-01	9.866905728367588724e-01
8.215563851192387856e-01	9.999537435837176913e-01
9.925083053470857841e-01	9.939468487523768214e-01
9.999692503945973865e-01	7.897804187608610249e-01
9.895879903507519559e-01	9.957251958855350971e-01
8.250022673325303479e-01	9.999515302571823083e-01
1.100793424436903312e-01	9.999999610950636164e-01
9.956970783968328575e-01	9.896502854460184073e-01
9.982739680977559260e-01	9.776719627058676476e-01
9.788394235834961821e-01	9.981505973131656884e-01
9.975366844606935457e-01	9.831927041688510727e-01
9.996777777187791925e-01	9.313309574159613913e-01
9.934167340341035768e-01	9.931041086590565170e-01
9.888317060589986163e-01	9.960428724364286390e-01
9.567143654891621107e-01	9.993182241743666649e-01
9.984119047720756424e-01	9.761984678659982873e-01
9.991562179164410473e-01	9.624643208353294010e-01
9.931567457113918973e-01	9.933658995721877938e-01
9.999999526335230371e-01	1.249820270972191727e-01
9.456436009654403119e-01	9.995233175890264610e-01
9.989204239822820908e-01	9.683796829146577023e-01
8.420771963950415273e-01	9.999383747257323263e-01
9.467788599772217761e-01	9.995067793761683861e-01
1.984696483138856937e-01	9.999998890584790301e-01
9.902783104865914288e-01	9.953947601152975944e-01
6.728297494584558613e-01	9.999913941717419874e-01
9.969184953667190596e-01	9.860810200236336254e-01
5.446901877804284364e-01	9.999973821749804648e-01
9.958102971794396963e-01	9.893950682246472894e-01
9.999993634857476943e-01	3.830285024728036225e-01
9.985703230453889523e-01	9.742346430256432210e-01
9.585681197015925026e-01	9.992714796780104436e-01
9.972191078889430793e-01	9.848095410657570214e-01
9.929549579006385907e-01	9.935570474315362777e-01
9.999898501468724721e-01	6.893596587016779242e-01
9.999964175667032107e-01	5.797086660842749595e-01
9.936934030562413200e-01	9.928043296242060611e-01
9.999904828551833269e-01	6.829557514007813523e-01
9.972394327054621144e-01	9.847153225176991098e-01
9.997789736689556284e-01	9.152199524784648821e-01
9.960698358768274030e-01	9.887627107067198384e-01
5.991834006389931133e-01	9.999957221177194766e-01
9.624486749350662507e-01	9.991567341306286654e-01
9.831384676690715363e-01	9.975462912346404476e-01
9.996980296252518938e-01	9.287240742606945876e-01
9.943101552078741356e-01	9.920432838147555943e-01
9.996300763841662329e-01	9.366500606079422031e-01
9.907888961327572241e-01	9.951206722244917424e-01
9.000958248244084192e-01	9.998380847906181979e-01
5.583575043525690340e-01	9.999970433154647953e-01
9.958010686283189639e-01	9.894163141157116259e-01
9.969859647097427668e-01	9.858141048148765240e-01
9.989834283358355327e-01	9.670057712242209336e-01
9.311990428626020222e-01	9.996788476703474258e-01
9.146214088218233007e-01	9.997818300263289215e-01
9.944713430687502909e-01	9.918197044049081867e-01
9.996848590683988789e-01	9.304462327944122979e-01
9.930227531749757919e-01	9.934939407506623299e-01
9.992129540404077748e-01	9.606534049942504483e-01
9.957601980528069108e-01	9.895094486182325344e-01
9.974235118325228688e-01	9.838064933277221868e-01
2.073151114187289368e-01	9.999998782309218459e-01
9.943874643404175817e-01	9.919374670050545850e-01
9.999999934530162671e-01	1.705020286374892002e-02
9.985544767358124352e-01	9.744462366317931945e-01
9.999999780415266271e-01	7.173679636022500805e-02
9.991385539415065242e-01	9.629911519459122271e-01
9.977996203695750355e-01	9.815704484701839316e-01
9.917113248317932506e-01	9.945466031687456576e-01
9.525629904159127470e-01	9.994080405584928606e-01
9.969736850453988497e-01	9.858634238703691821e-01
9.982519339604370989e-01	9.778900918129989073e-01
9.924622988007502089e-01	9.939846113490028445e-01
9.996923818989874588e-01	9.294752229793080689e-01
9.920970039610309543e-01	9.942701827801443404e-01
9.972379396389989825e-01	9.847222829232005203e-01
9.999998586993568139e-01	2.217374593210884592e-01
9.999679441116365863e-01	7.931537695067971683e-01
9.953211408929747428e-01	9.904205554309031267e-01
7.441502407323230539e-01	9.999819128951075164e-01
9.965560678024697472e-01	9.873628023492363459e-01
9.932415631218881602e-01	9.932824869548422253e-01
9.999996373941488770e-01	3.201278115203156638e-01
9.976297874954167533e-01	9.826519732086006487e-01
8.156393789531509730e-01	9.999572586892648829e-01
9.953777289248489923e-01	9.903115672133283587e-01
9.968471866367873968e-01	9.863527001401070082e-01
9.998202706642197457e-01	9.053567900686729786e-01
9.977306223004313024e-01	9.820257378530187209e-01
9.968379945831382649e-01	9.863869731448343670e-01
9.959377179482886699e-01	9.890932694617380339e-01
9.996461826443409082e-01	9.349680653706974320e-01
9.994363120230429498e-01	9.510591553651114305e-01
9.987340815607439470e-01	9.718099061466923816e-01
9.976648348329353322e-01	9.824393211607301835e-01
9.811542788499832968e-01	9.978597574726174591e-01
9.987719629073040783e-01	9.711782486170346118e-01
9.971128684764657413e-01	9.852840345426904234e-01
9.973083249243602788e-01	9.843872280505820971e-01
9.994176080278864838e-01	9.520660676420427126e-01
9.969038476185012598e-01	9.861376809309723157e-01
3.106290908462904232e-01	9.999996675845918004e-01
9.976599108773562818e-01	9.824695115897721376e-01
9.988297985190220940e-01	9.701533314543708819e-01
9.999993145699502817e-01	3.914452300805495444e-01
9.979836710116505305e-01	9.802339556629220407e-01
9.976697202547308851e-01	9.824092640681136857e-01
9.923449991979675922e-01	9.940790196499927900e-01
9.993828642120385908e-01	9.538160732533004227e-01
9.922965875506545297e-01	9.941172191005001046e-01
9.967349161076810571e-01	9.867601787513093914e-01
1.993312954517244551e-01	9.999998880399737500e-01
9.976785245250423539e-01	9.823548360058690365e-01
9.724846930300070635e-01	9.986915695924750702e-01
9.994492685690805622e-01	9.503325221139180545e-01
9.981264884754944555e-01	9.790531142342995263e-01
9.978781746502247696e-01	9.810230093999321443e-01
9.967299579172005375e-01	9.867776312886126222e-01
9.977104083631962439e-01	9.821548773178948588e-01
9.999958996358843111e-01	5.945556331830398333e-01
9.971099753610501715e-01	9.852965497198747924e-01
9.987626277456169710e-01	9.713366921843206159e-01
9.972660617765225499e-01	9.845901263090499622e-01
9.930696717465565815e-01	9.934496145056365135e-01
9.976779247693313701e-01	9.823585543913553320e-01
6.715767273436314966e-01	9.999914999213280753e-01
9.999999532466414820e-01	1.239695140060179668e-01
9.970310863122724410e-01	9.856299637556140691e-01
9.978756311730349049e-01	9.810412478910693901e-01
9.999931617228787761e-01	6.492166359889016691e-01
9.957950075141678292e-01	9.894302243156681831e-01
9.976754402101494223e-01	9.823739415595410529e-01
4.600739377355761439e-01	9.999987526770418578e-01
9.999177839393520451e-01	8.611773190591707205e-01
4.979518874203827661e-01	9.999982649168845938e-01
9.999587208680231765e-01	8.129975380339750091e-01
9.995875071966079384e-01	9.406346071621790594e-01
9.999663091799839698e-01	7.971471909732849026e-01
9.492964640031902324e-01	9.994670028542066431e-01
9.999300737094798386e-01	8.506380847134162870e-01
9.998358011394586908e-01	9.008128940953080699e-01
9.999299363003689711e-01	8.507687599840675352e-01
9.997719178906636639e-01	9.166540200275112849e-01
9.707983022568814624e-01	9.987939089122258585e-01
2.775964684496314838e-01	9.999997556850271918e-01
9.999743555189952726e-01	7.747070864773589749e-01
9.994199503037682897e-01	9.519425846704377969e-01
4.259381568183825406e-01	9.999990732451005115e-01
1.622119664928837190e-01	9.999999256228655486e-01
8.848637095410495368e-01	9.998779783199128746e-01
9.999997787468328792e-01	2.671876097293942598e-01
6.947322886111577667e-01	9.999892822039271323e-01
9.999742239384785680e-01	7.751397910629774790e-01
9.494151986701280244e-01	9.994650130684293865e-01
2.396942575440883516e-01	9.999998307448981771e-01
9.999950600548277446e-01	6.147718303707585541e-01
4.915428435111725003e-01	9.999983593663803738e-01
9.986581212481325798e-01	9.729920638115835407e-01
9.999760449462835599e-01	7.689026180776690200e-01
4.975346904980681995e-01	9.999982712311292765e-01
9.999480481194995551e-01	8.300438249893928866e-01
5.441958407701694700e-01	9.999973936365335048e-01
9.999888179907352459e-01	6.988875327152492822e-01
9.972202050333480727e-01	9.848044842631039630e-01
9.999417593910365776e-01	8.381554488751805643e-01
9.788974432640998868e-01	9.981441008413509675e-01
9.761693180914703394e-01	9.984144554379286163e-01
9.999568072826062748e-01	8.164324402195648478e-01
9.740393915940813718e-01	9.985847050568571470e-01
1.718721700309108202e-01	9.999999169967765944e-01
5.892285217330650582e-03	9.999999959247015680e-01
9.999204092870260796e-01	8.591034584498233873e-01
9.999297231176564882e-01	8.509708493764938098e-01
9.370155708725277366e-01	9.996264390947232625e-01
3.327683065693438635e-01	9.999995933055652042e-01
9.999696860743304550e-01	7.886163771449630211e-01
9.999960672167537146e-01	5.899838996929274160e-01
9.167973278347643085e-01	9.997711958676375188e-01
9.876448828341671815e-01	9.964665850571795547e-01
9.832084963634248886e-01	9.975338756259037876e-01
9.998973290640222888e-01	8.748559563756151958e-01
9.644800289402523097e-01	9.990855003184982985e-01
9.929639307366557865e-01	9.935487582566145948e-01
9.928062056022785020e-01	9.936917366462351131e-01
9.999934297885814116e-01	6.450439771966014479e-01
9.957085252337517511e-01	9.896250095534401270e-01
5.498150305784346159e-01	9.999972601810508399e-01
9.933120808832187620e-01	9.932116885673596407e-01
9.999851495060009254e-01	7.260193076507597265e-01
9.999911483561251258e-01	6.756764842382978475e-01
9.999837686752564014e-01	7.342709504993765179e-01
9.974738876901930729e-01	9.835388653484038457e-01
9.999617640175183508e-01	8.071086589603975181e-01
9.965179146523567288e-01	9.874845731526284975e-01
9.990974173936931768e-01	9.641571548016859561e-01
9.135856964295612226e-01	9.997866543062511324e-01
9.570877611183726819e-01	9.993091742404066613e-01
9.993332261229445068e-01	9.560789211667507503e-01
9.999739110584567880e-01	7.761581196724334220e-01
2.658794444029571880e-01	9.999997815046373084e-01
9.993220293152998979e-01	9.565551639611856727e-01
9.999441521210484796e-01	8.352051152586347227e-01
8.471531406075092363e-01	9.999336147571864508e-01
9.999994012007945576e-01	3.761042803401000167e-01
9.803531644291366698e-01	9.979682829452545256e-01
9.999059856855155859e-01	8.695413534702965963e-01
9.999830862174551305e-01	7.380514410768701516e-01
9.895200580805140200e-01	9.957554988196519741e-01
8.796648653482032065e-01	9.998885770297908371e-01
3.693553533498280528e-01	9.999994359022468249e-01
6.799158965969227530e-01	9.999907674312485950e-01
9.595149366110752309e-01	9.992457418038936945e-01
9.999560169647436769e-01	8.177964757809506047e-01
9.980502990853115097e-01	9.797003830871080510e-01
9.999675108861852957e-01	7.942357460853539664e-01
8.936529794064193011e-01	9.998568126913195409e-01
9.937814946484054834e-01	9.927038816544699884e-01
9.998573266627478473e-01	8.934604389003422131e-01
9.999332084822138977e-01	8.475648728752875893e-01
9.999009710560832209e-01	8.726939394186787879e-01
9.996215310981071411e-01	9.375008315082034027e-01
9.999983770616657219e-01	4.903002276722654429e-01
9.864627945141779541e-01	9.968174987899617312e-01
9.996755796755406598e-01	9.316000304903974127e-01
9.999255390127977927e-01	8.547854102582033153e-01
9.996734553832168357e-01	9.318576475761256583e-01
9.997765072006158382e-01	9.157283186313707191e-01
9.997655111239204251e-01	9.179043147540051351e-01
9.999300983175698487e-01	8.506146479579630437e-01
9.999314696151148096e-01	8.492917362120210312e-01
9.960685851451229755e-01	9.887659290308851157e-01
9.998766459495255221e-01	8.854750454847934993e-01
3.368378300509529133e-01	9.999995780888607522e-01
9.997963983875242100e-01	9.113926027028395049e-01
9.999990756262779890e-01	4.256429592061832246e-01
9.993778416263071618e-01	9.540570865135359346e-01
9.998845915485949920e-01	8.816934053734054588e-01
9.999215795068453483e-01	8.581504820405243539e-01
9.968377889122878033e-01	9.863877380876944212e-01
9.999194399133615185e-01	8.598793269444939824e-01
9.998943162501505721e-01	8.765700977603587685e-01
9.998763804739598804e-01	8.855958122976986813e-01
7.834437168571539711e-02	9.999999755551142178e-01
9.601264707323589054e-01	9.992283895001118355e-01
9.999217351556928257e-01	8.580223511470145281e-01
9.999328341642005347e-01	8.479414074962475789e-01
9.998903568714028189e-01	8.787279019574174566e-01
9.998836783489839508e-01	8.821452568714397424e-01
1.415712026318660666e-02	9.999999940877537519e-01
3.003847628301431483e-01	9.999996975612551742e-01
2.097320774635913487e-02	9.999999925793946476e-01
5.986530994711858344e-02	9.999999821174907488e-01
4.291599056863079076e-01	9.999990468614382566e-01
9.999998630686676160e-01	2.186631925699652479e-01
1.151390137640952993e-01	9.999999583543931481e-01
2.775661536132110196e-01	9.999997557551710825e-01
3.884347638108108791e-01	9.999993324671426764e-01
9.999999926062161926e-01	2.085408499225827050e-02
6.226909208514541660e-03	9.999999958466249117e-01
9.999995663440036653e-01	3.398866197789496280e-01
4.002541129952913446e-01	9.999992595022464403e-01
9.999925932601502199e-01	6.574922226356348931e-01
9.999999972667314996e-01	1.002273817515941801e-03
2.048505091832873992e-01	9.999998813318266011e-01
9.999999826893174459e-01	5.808100431003504482e-02
9.991886226870262400e-01	9.614533043487977215e-01
5.583633559221634624e-01	9.999970431608401489e-01
9.978656650121525695e-01	9.811123725683617014e-01
9.999999451767368486e-01	1.365897265418060114e-01
4.792826597609359807e-01	9.999985256979785353e-01
9.999976374768981824e-01	5.331016874687984908e-01
9.967094985786696393e-01	9.868491788259076136e-01
2.682722773527493887e-01	9.999997764369960018e-01
6.272537607404269355e-01	9.999944491269054936e-01
8.107580287211714198e-01	9.999599121919073852e-01
1.131678512428689887e-01	9.999999594377482204e-01
9.991085880978340938e-01	9.638485857167354842e-01
9.999986064951401632e-01	4.728102695650406861e-01
7.375371171245324042e-01	9.999831810131384335e-01
2.362350801651891263e-01	9.999998364687260333e-01
9.976343966746772374e-01	9.826243009824539021e-01
7.640849181363087439e-01	9.999773467171280128e-01
5.744596481142880684e-01	9.999965834880655269e-01
9.973869157723477263e-01	9.839955716867575530e-01
7.234811995935974682e-02	9.999999778182735444e-01
6.125183919369064922e-01	9.999951623009907253e-01
8.876661432472972013e-01	9.998717094490809920e-01
9.995636521581540146e-01	9.426194694426193177e-01
4.788090206603645704e-01	9.999985317683067754e-01
5.713038927744504836e-01	9.999966792728859355e-01
9.995078235777209441e-01	9.467088193384769479e-01
5.496241450568158937e-01	9.999972648307144940e-01
9.999999686728621162e-01	9.466689192764699001e-02
9.991168458184519485e-01	9.636166957512037889e-01
9.993992940820035642e-01	9.530070645914303640e-01
9.969888865941717304e-01	9.858023201507104538e-01
6.161680623947073387e-01	9.999949955205784669e-01
9.999973573680948080e-01	5.457523830869763781e-01
9.403214511413450216e-01	9.995910993255602284e-01
9.858625546127193218e-01	9.969739021996907313e-01
3.804793514146520561e-01	9.999993776274329615e-01
4.875894682167702943e-01	9.999984149912460873e-01
6.133865647299987511e-01	9.999951231851335054e-01
8.927368564915795224e-01	9.998592363533973515e-01
8.980172921858335933e-01	9.998444677299855865e-01
5.254385351791679426e-01	9.999977918909929153e-01
2.789223967161594819e-01	9.999997525994575032e-01
2.829839299012103515e-01	9.999997429308050689e-01
9.910038459430168256e-01	9.949966469201846353e-01
1.919670775688616660e-01	9.999998965028497055e-01
8.290727994142912394e-01	9.999487425527693318e-01
9.999997469886291457e-01	2.812962138928981615e-01
3.261747484959757193e-01	9.999996168849794032e-01
3.523356006740692159e-01	9.999995151459207809e-01
6.863841433520094792e-01	9.999901498924175236e-01
9.700774250913066776e-01	9.988339135650738942e-01
9.525294027923784101e-01	9.994086944775003589e-01
9.744708420207242039e-01	9.985526161467206396e-01
9.999994643889905666e-01	3.635134025200488228e-01
3.468484058406814396e-01	9.999995383727324771e-01
5.867016455152225252e-01	9.999961829731269791e-01
5.054085531288990962e-01	9.999981479811710372e-01
7.563648335536607981e-01	9.999792612233484590e-01
4.496419488672908082e-01	9.999988608719909688e-01
4.079957805731947440e-01	9.999992075876771302e-01
2.813355632039989951e-01	9.999997468946746348e-01
2.586644799612410894e-01	9.999997961793196666e-01
7.265652333338754598e-01	9.999850624995684223e-01
2.439180196063321926e-01	9.999998235233410471e-01
3.081915319779371387e-02	9.999999902772602756e-01
4.239343523082675924e-01	9.999990892908310336e-01
1.675398796124396572e-01	9.999999209574070846e-01
3.319554823103398888e-01	9.999995962831966789e-01
9.259158538591863996e-01	9.997179052663093257e-01
5.263117585679946142e-01	9.999977748391972732e-01
9.071483355615064248e-01	9.998136007955341631e-01
2.733805120924369669e-01	9.999997652702270479e-01
2.262518540126012834e-02	9.999999922052283940e-01
3.887403154811009953e-01	9.999993306713522712e-01
3.149727915848775650e-01	9.999996540764297670e-01
1.368010768124248155e-01	9.999999450334123852e-01
4.208163473299859625e-01	9.999991137174136790e-01
3.929872368598409382e-01	9.999993052246225478e-01
4.084268172327657487e-01	9.999992045955370390e-01
3.837828724583954854e-01	9.999993592421081434e-01
4.263852324667487537e-01	9.999990696273209911e-01
5.424281127945712599e-01	9.999974341922073240e-01
3.727329518749263881e-01	9.999994187819573055e-01
2.746505652369909400e-01	9.999997624184256972e-01
4.079423442318588222e-01	9.999992079578535753e-01
7.174429025996398313e-01	9.999864419386393921e-01
3.832893077163547213e-01	9.999993620216680590e-01
6.316520681114197178e-01	9.999942144597792071e-01
3.726798802301997116e-01	9.999994190547482065e-01
3.952312873704010299e-01	9.999992914046716974e-01
1.302102193513811068e-01	9.999999493739956113e-01
3.796641969451274301e-01	9.999993820857671079e-01
3.863087424139154402e-01	9.999993448345904090e-01
6.304720484608872244e-01	9.999942784726932876e-01
2.513087559154473238e-01	9.999998102461807870e-01
3.917856993551281919e-01	9.999993125170184571e-01
2.290324926330373767e-01	9.999998478579206207e-01
3.714226940721757630e-01	9.999994254812226702e-01
3.787166673575169673e-01	9.999993872297164854e-01
1.699486288057616701e-01	9.999999187741747120e-01
3.793618546907073785e-01	9.999993837315915846e-01
9.332174667194460538e-01	9.996619110543673026e-01
3.844164312081782553e-01	9.999993556571337150e-01
9.999749505307179431e-01	7.727165131641240414e-01
4.336629684606659874e-01	9.999990087398656913e-01
3.734202864592617299e-02	9.999999886402343163e-01
3.772018812600519411e-01	9.999993953682747572e-01
3.846785381156285766e-01	9.999993541683899201e-01
6.394306016357825806e-01	9.999937721870960639e-01
3.753769179095902686e-01	9.999994050362888132e-01
4.995189522928430437e-01	9.999982409875406431e-01
7.076495196559247081e-01	9.999877614930521297e-01
3.852111985724269161e-01	9.999993511327506246e-01
9.602311843534024893e-01	9.992253584359429563e-01
3.492814017204509680e-01	9.999995282058957713e-01
3.831144791877432176e-01	9.999993630034573755e-01
9.993644486777047975e-01	9.546859754044533242e-01
4.671311199691517979e-01	9.999986736970840617e-01
7.037893036937470370e-04	9.999999973886002369e-01
1.594158242725790542e-01	9.999999279836773169e-01
9.997939345629195396e-01	9.119604902982003658e-01
9.642681828855854675e-01	9.990933460962254653e-01
9.998230534638677947e-01	9.045824745156065827e-01
5.437890919998034089e-02	9.999999838436205435e-01
6.251047624131955693e-02	9.999999812507377461e-01
6.566048393781254155e-02	9.999999801881577222e-01
9.999559979016355848e-01	8.178290010835518320e-01
9.999933887670282573e-01	6.456946478419616220e-01
9.996516166256939062e-01	9.343759096365666927e-01
3.864693440034605576e-01	9.999993439080830937e-01
9.963144551839798746e-01	9.880976710386252249e-01
9.997358371685407530e-01	9.231345127062708933e-01
4.035578690342563890e-01	9.999992377647918262e-01
2.023722692655161026e-01	9.999998843837510920e-01
9.664232249193427382e-01	9.990084580557154759e-01
9.952124673711638669e-01	9.906235653388598683e-01
2.922628333168519887e-01	9.999997195634856562e-01
4.195684926141663995e-01	9.999991233120106848e-01
9.423213529362367558e-01	9.995673593677725233e-01
7.510406785489835979e-01	9.999804699862409052e-01
1.600709473451359388e-01	9.999999274358555290e-01
1.920077601123303390e-01	9.999998964575773641e-01
9.911764539995493450e-01	9.948930026000284421e-01
9.995761530513818105e-01	9.415993053945050928e-01
7.465504810258580815e-01	9.999814250229821511e-01
1.263039721161526296e-01	9.999999518242677077e-01
9.433795208887152395e-01	9.995539914834880024e-01
9.956401149282599894e-01	9.897743631056146185e-01
9.999999940802986043e-01	1.419122185321664009e-02
9.355166950418136729e-02	9.999999691787769818e-01
9.999999044433831585e-01	1.845972803060756950e-01
9.392272883823831187e-01	9.996033050134576214e-01
4.614546781084484239e-01	9.999987376056113098e-01
9.999974461744611798e-01	5.419002143893613122e-01
7.032459329936602277e-02	9.999999785520932161e-01
8.821239650628798223e-01	9.998837215932869782e-01
9.995005853367260329e-01	9.471899548905895472e-01
4.874022343260276946e-01	9.999984175774622175e-01
9.999999700181616547e-01	9.167430465718029442e-02
9.995222895695712317e-01	9.457158220262342763e-01
3.712920672000584732e-01	9.999994261450666500e-01
9.448518937745981061e-01	9.995343804126413101e-01
4.476822694418586268e-01	9.999988801249831694e-01
4.993861967327095641e-02	9.999999851728238465e-01
6.149309081354750184e-01	9.999950527482992513e-01
7.956876046418364101e-01	9.999669182855035476e-01
9.999996731667881722e-01	3.087868647763962748e-01
1.287757421343782571e-02	9.999999943673170133e-01
9.976818216484661939e-01	9.823343663498826928e-01
1.900146070606741899e-01	9.999998986567490977e-01
8.780953336284992305e-01	9.998915374370496156e-01
8.801827029380789869e-01	9.998875770539629171e-01
9.999953422722271945e-01	6.084228474939388231e-01
9.999932567013017914e-01	6.477593554999052650e-01
2.230755271612760993e-04	9.999999976447678796e-01
9.506403252091716327e-01	9.994438338555161616e-01
5.414724254683969118e-01	9.999974558413367021e-01
9.999999769829375218e-01	7.460308185993058672e-02
6.186338854158762723e-01	9.999948792869931546e-01
9.910119333429739941e-01	9.949918731425251295e-01
2.877629785265890527e-01	9.999997311231240138e-01
9.692059703740061316e-01	9.988796006280227235e-01
3.839258740055264685e-01	9.999993584346132947e-01
6.633854762403978977e-02	9.999999799550163271e-01
9.714878461681687449e-01	9.987536190680248449e-01
7.052796491394744960e-01	9.999880581528380885e-01
1.008951233653491153e-01	9.999999657449313295e-01
2.122417724969695163e-01	9.999998718304182743e-01
9.774935299490531415e-01	9.982916652736110175e-01
1.664475041731391380e-01	9.999999219321551447e-01
8.711161183217651649e-01	9.999035232006252549e-01
6.041155389559398348e-01	9.999955237201182401e-01
9.990086653190988208e-01	9.664183075228698350e-01
3.186372826238376144e-01	9.999996422919371630e-01
4.110477166658255133e-02	9.999999876489209516e-01
1.334767946401416161e-03	9.999999971457371739e-01
9.997524745415720115e-01	9.203087654999285716e-01
9.999939265253388054e-01	6.367874979903642707e-01
8.385236405664897585e-01	9.999414517812895697e-01
9.999616913488454939e-01	8.072559405689365697e-01
2.060829671205780533e-01	9.999998797894579239e-01
7.061313098139163635e-01	9.999879525048565032e-01
1.501589995351229057e-01	9.999999353882808029e-01
6.020709901298970657e-02	9.999999820067835277e-01
1.577369336781060394e-01	9.999999293729407990e-01
9.971923002645760592e-01	9.849320796734928329e-01
9.945595419786812386e-01	9.916924259036142830e-01
4.363122959143120871e-01	9.999989856117035281e-01
9.819714171474835940e-01	9.977390382706878835e-01
9.999999961335332976e-01	5.013446641279672988e-03
2.619317324275041159e-01	9.999997896447049284e-01
9.989314896031680213e-01	9.681473927588258865e-01
2.427504593170147773e-01	9.999998255455994078e-01
2.692981999111627722e-01	9.999997742327240147e-01
3.447378221773362839e-01	9.999995470258059571e-01
1.842301369599286254e-02	9.999999931493910310e-01
9.989043146726813704e-01	9.687113929940719403e-01
6.785075222801134620e-01	9.999908959986067991e-01
9.854028181569834954e-01	9.970852138117535235e-01
2.224714448465352490e-01	9.999998576389947935e-01
9.999999778514663262e-01	7.225746469379290549e-02
3.119556188892046444e-01	9.999996635113329591e-01
8.048535047832574563e-01	9.999628558178035309e-01
9.998748707599339758e-01	8.862761312087082954e-01
9.999387743998925382e-01	8.416284573701855454e-01
3.855378321992014579e-01	9.999993492644928539e-01
5.429691306819823815e-01	9.999974218509013468e-01
2.539284881399522797e-01	9.999998053364647088e-01
2.111728607608889252e-01	9.999998732423548420e-01
9.942306344129142603e-01	9.921495048154562735e-01
9.997823323751127145e-01	9.145150308910565684e-01
2.691900987709069382e-01	9.999997744658875032e-01
4.368190769096382819e-01	9.999989811271471352e-01
2.302153728474986005e-01	9.999998460352645946e-01
1.595051071610059656e-01	9.999999279092076643e-01
4.012390757468546898e-01	9.999992530852510608e-01
9.999970303759846413e-01	5.588460643208035261e-01
4.850306848113365987e-01	9.999984499655681924e-01
2.031032767798337524e-01	9.999998834903421896e-01
3.196793641005369890e-01	9.999996388741565490e-01
2.160759700567888020e-01	9.999998666572550432e-01
2.636250996127326163e-01	9.999997861862450765e-01
8.304141144563730315e-01	9.999477802019934858e-01
2.862014993300262544e-01	9.999997350333743595e-01
3.819736240972426700e-02	9.999999884180379439e-01
7.835472264537537423e-01	9.999714982560838905e-01
3.249311273052962745e-01	9.999996211881909680e-01
6.562428252953216301e-01	9.999926823679043952e-01
2.628703357001437313e-01	9.999997877338556718e-01
9.907199946660028012e-01	9.951592975410411546e-01
3.130721158390846748e-01	9.999996600477377706e-01
2.706504536904118519e-01	9.999997712980169817e-01
9.999865942217421866e-01	7.163702074436553158e-01
1.353914050897403465e-01	9.999999459841111271e-01
3.648145372858940805e-01	9.999994581649501724e-01
6.662492983175349881e-01	9.999919334855196240e-01
2.770817184329796845e-01	9.999997568736548326e-01
2.414185562221715653e-02	9.999999918578311719e-01
9.769706694884299214e-01	9.983418945468233163e-01
2.682085949340973219e-01	9.999997765731947208e-01
2.661196253601268991e-01	9.999997810005799570e-01
9.031448266786793466e-01	9.998280676747037798e-01
2.937706228574261669e-01	9.999997155914239766e-01
8.836994759140928135e-01	9.998804635924172235e-01
2.683398118910623742e-01	9.999997762924787148e-01
2.913282653597200067e-01	9.999997220003565834e-01
2.667644543548278735e-01	9.999997796422400720e-01
5.791597791647845606e-01	9.999964353140742279e-01
6.767165154559591222e-01	9.999910565789054129e-01
9.986822296967219348e-01	9.726283870701868395e-01
4.709560168255891854e-01	9.999986288063228423e-01
6.020332765510598705e-01	9.999956086712220582e-01
6.189687290237457784e-01	9.999948632767448053e-01
9.999994191720703585e-01	3.726570478296391542e-01
9.822057475071895860e-01	9.977023650462977233e-01
9.008628338930354529e-01	9.998356404856936219e-01
9.999984491113108609e-01	4.850938812636708120e-01
2.184259777689057103e-02	9.999999923830060755e-01
9.999999786047795158e-01	7.017772823749834910e-02
7.079641555135711695e-01	9.999877214727070918e-01
9.999914459746022111e-01	6.722181225156629303e-01
9.999817962465317178e-01	7.447310142765041219e-01
6.347261800275565413e-01	9.999940439579513285e-01
7.263825006039092980e-01	9.999850916883795682e-01
6.280455966265898748e-01	9.999944076644800006e-01
5.163562031838061506e-01	9.999979614040522824e-01
7.116251278784768708e-01	9.999872445500799234e-01
9.999834683019401815e-01	7.359573949848216001e-01
4.765117843187934854e-01	9.999985608530248538e-01
1.567963522524672415e-01	9.999999301421339526e-01
7.405685103533630187e-01	9.999826131491957870e-01
9.999999972969090267e-01	9.247479297269656229e-04
9.999997906308637496e-01	2.614444061085692272e-01
4.086602564932606541e-02	9.999999877128983305e-01
6.648959053431868771e-01	9.999920396287518276e-01
1.140236479499792122e-01	9.999999589698786995e-01
7.759103160370313113e-01	9.999739876144931872e-01
5.405863561874399981e-01	9.999974757421830063e-01
9.981503978778536457e-01	9.788412095867919938e-01
2.082879912146505808e-01	9.999998769885222183e-01
6.166804021856389095e-01	9.999949716095214436e-01
9.999999887217124739e-01	3.702662260107003611e-02
4.310645524337715084e-01	9.999990309171442604e-01
3.369885001773001987e-01	9.999995775154553179e-01
7.475795251851262702e-01	9.999812111163921546e-01
6.483719383763080213e-01	9.999932169561257522e-01
9.911087258866833061e-01	9.949341148738624074e-01
9.999992777852950709e-01	3.974017925087702796e-01
2.852691673654822457e-01	9.999997373437732318e-01
7.682337769058492638e-01	9.999762309196637000e-01
9.076375370992468827e-01	9.998117212812630550e-01
9.853634918772230522e-01	9.970944182153723689e-01
2.789867715914956525e-01	9.999997524487725942e-01
9.891132016554374795e-01	9.959295085789560131e-01
9.589519497207127374e-01	9.992612061525530942e-01
9.753299879241880133e-01	9.984852111421842480e-01
9.824987396737281387e-01	9.976551276985595740e-01
9.118340823204559298e-01	9.997944865022848626e-01
9.999043040790887016e-01	8.706224587808568671e-01
8.882681725687413543e-01	9.998703074021845216e-01
9.999998760306282319e-01	2.090325300553408372e-01
9.463232291547385433e-01	9.995135152045501181e-01
5.395288931116393183e-01	9.999974992789691930e-01
9.999953581081885146e-01	6.080542529742445357e-01
9.999868683656254476e-01	7.144030941752728125e-01
4.070203316856801923e-02	9.999999877567578022e-01
9.675401339967234504e-01	9.989596097928881147e-01
7.282798508813217442e-01	9.999847853463477154e-01
3.222705675186801066e-01	9.999996302451745755e-01
1.423570112915273356e-03	9.999999971152713218e-01
3.366682497764318382e-01	9.999995787333670894e-01
9.999995648099734291e-01	3.402791404063539860e-01
5.687964782367093131e-01	9.999967533362295047e-01
4.244937693242218923e-01	9.999990848389135323e-01
3.001252401618240695e-01	9.999996982877300544e-01
9.999543883924355558e-01	8.205136836261652800e-01
9.393671835263928127e-01	9.996017736988993541e-01
9.992606125929103245e-01	9.589738823790734390e-01
3.749497564760155832e-01	9.999994072778426446e-01
9.987337383279777381e-01	9.718154949856514513e-01
8.574568358644780730e-01	9.999224174006746679e-01
9.802605934365262730e-01	9.979802488275546501e-01
5.736772038300949061e-01	9.999966075089868900e-01
2.184388494986836404e-01	9.999998633830157191e-01
9.949274220466292062e-01	9.911198170995036971e-01
9.967597660894296219e-01	9.866720325516280532e-01
1.747752690632370376e-01	9.999999142560461740e-01
3.976247916254358472e-01	9.999992763717820976e-01
9.271848929582049426e-01	9.997091571918839126e-01
7.790317326156988020e-01	9.999730031683495834e-01
9.925462873604158354e-01	9.939153533467071089e-01
9.999119313214777094e-01	8.655077331615714797e-01
9.999929858636225077e-01	6.518563405774534525e-01
6.476130826742356739e-01	9.999932661533179612e-01
4.694950940638796810e-01	9.999986461305059304e-01
5.107928931067402534e-01	9.999980585264370836e-01
9.114630375932735173e-01	9.997960949927269247e-01
4.757743197510791999e-01	9.999985700655747989e-01
9.674484473671930429e-01	9.989637568875684437e-01
5.479573985714374373e-01	9.999973050784158879e-01
5.761830210845266809e-01	9.999965299374220518e-01
4.814371148834148961e-01	9.999984977627145444e-01
9.820263127335698838e-01	9.977305329607283335e-01
6.416844563700134785e-01	9.999936371445765637e-01
7.727512198540749111e-01	9.999749402993297620e-01
8.184904567695132638e-01	9.999556079871101399e-01
9.684984806027037152e-01	9.989146966961575114e-01
8.721801588686035611e-01	9.999018116582588656e-01
4.854328146000955746e-01	9.999984445216014706e-01
8.614018999982232527e-01	9.999174929819137914e-01
6.620705118489518259e-01	9.999922562015803873e-01
4.142460579568023604e-01	9.999991631059099717e-01
9.999995678901230090e-01	3.394896949004020392e-01
7.903730768818191255e-01	9.999690256514783826e-01
8.739957378206206773e-01	9.998987987408031186e-01
9.987592667904970911e-01	9.713932837895993266e-01
3.229489430256251570e-01	9.999996279550079636e-01
9.999999849120151385e-01	5.082554911617298554e-02
9.714601149648256495e-01	9.987552794371394871e-01
9.999867630860678203e-01	7.151640958750642429e-01
9.597139177192093307e-01	9.992401603080766082e-01
6.352461812120454576e-01	9.999940145720634943e-01
9.952423173488471608e-01	9.905686073952425508e-01
4.072765208291776462e-01	9.999992125562086054e-01
9.735688640536619420e-01	9.986184466077585586e-01
5.897787261749177778e-01	9.999960745623295288e-01
9.996277307914415156e-01	9.368863498800362732e-01
7.356075705400562104e-01	9.999835311408897809e-01
6.630875832683231774e-01	9.999921790116312881e-01
2.198897851894376920e-02	9.999999923498267274e-01
5.125685019004563303e-01	9.999980280591030946e-01
4.644195065924027199e-01	9.999987046220824016e-01
6.725249485034348051e-01	9.999914200315126456e-01
9.984894770850839540e-01	9.752774079883301805e-01
2.323322193713249773e-01	9.999998427271078461e-01
9.716571579405897108e-01	9.987434067588608633e-01
9.998120128436779330e-01	9.075620844920803121e-01
8.686817405887312660e-01	9.999072954515124678e-01
8.103392384396002068e-01	9.999601302358357424e-01
9.999973675531396156e-01	5.453175480769552053e-01
6.737919803508907179e-03	9.999999957286265229e-01
5.961325897013066699e-01	9.999958400561710370e-01
9.379715543961957280e-01	9.996166820083055571e-01
6.794844657282763656e-01	9.999908070327687692e-01
9.999999841592310812e-01	5.334230799980632654e-02
6.696505091755957650e-01	9.999916596415301395e-01
7.311365963591880401e-01	9.999843101411444168e-01
4.233006902409908179e-05	9.999999978154344715e-01
4.516839191309971469e-01	9.999988404592076163e-01
2.914559392343534228e-01	9.999997216685754253e-01
6.380924654559292364e-01	9.999938508600394460e-01
1.329005421314141122e-01	9.999999476340688531e-01
6.438789047329263049e-01	9.999935025363978491e-01
9.999318990194326906e-01	8.488705272991212691e-01
4.742300538381124531e-01	9.999985891639551205e-01
6.812038786642387045e-01	9.999906480513414131e-01
9.999999923811648816e-01	2.185072485089167849e-02
9.950028754203444903e-01	9.909932737458782004e-01
6.378256612658301794e-01	9.999938664143980249e-01
5.922809987112254149e-04	9.999999974390435531e-01
1.592949750117567120e-02	9.999999936995669358e-01
9.401688725693670978e-01	9.995928333164884050e-01
8.335766791052734437e-01	9.999454198280779416e-01
9.927256728420453813e-01	9.937625714672524424e-01
8.234795679790534173e-01	9.999525242271799508e-01
6.086850260908196475e-01	9.999953309724449735e-01
2.878712668632195104e-01	9.999997308500421234e-01
9.999944493502633813e-01	6.272494775292656310e-01
6.979938128396558916e-01	9.999889197458523560e-01
4.003426026465722876e-01	9.999992589279307342e-01
9.314317295068463842e-02	9.999999693627241726e-01
6.141029240007276346e-01	9.999950906493781932e-01
5.797929741429352912e-01	9.999964148323626789e-01
5.139333171722539895e-01	9.999980043050327172e-01
7.013133175204291359e-01	9.999885363601000998e-01
9.034328580334981540e-01	9.998270786067797733e-01
9.767709143752991707e-01	9.983604675037118792e-01
9.969680263079984117e-01	9.858860388433881017e-01
5.692351575195873092e-01	9.999967405067640147e-01
5.727438614622402113e-01	9.999966359268167571e-01
9.918970411651270025e-01	9.944165104677885614e-01
9.987820679449106454e-01	9.710046199814028611e-01
9.766386948113171540e-01	9.983725802707642538e-01
3.162110465471130727e-01	9.999996501347721001e-01
5.258161768279845383e-01	9.999977845333757331e-01
1.815360364146423322e-03	9.999999969876787187e-01
6.651139557332614860e-01	9.999920226341363350e-01
5.712145954725293961e-01	9.999966819412285934e-01
5.810817956301395082e-02	9.999999826806849068e-01
4.177291527811345384e-01	9.999991372691275915e-01
4.245896525732778537e-01	9.999990840737170705e-01
4.627285203923433565e-01	9.999987235388867468e-01
4.934540288439589473e-01	9.999983317649476788e-01
7.360497299895387702e-01	9.999834516689724007e-01
6.182161371493687385e-01	9.999948991847361635e-01
7.825233017578184791e-01	9.999718482135996345e-01
9.431676197225069558e-03	9.999999951232094730e-01
1.044977159088289476e-02	9.999999948987599030e-01
7.791785246577983548e-01	9.999729557771454003e-01
3.886738742724737961e-01	9.999993310622359299e-01
9.312366499480417836e-01	9.996785431514387810e-01
2.443987907404708837e-01	9.999998226847731653e-01
6.188144601649606669e-01	9.999948706597683312e-01
2.343848604036589123e-01	9.999998394616279596e-01
6.099876631398346571e-01	9.999952743851028281e-01
9.110013410721478078e-01	9.997980725604024288e-01
1.951972062881751624e-01	9.999998928577048529e-01
4.532563204354670416e-01	9.999988244919463254e-01
4.924500522188913765e-01	9.999983463230817105e-01
7.013896007871889271e-01	9.999885273726999424e-01
5.676067977071976856e-01	9.999967878593045700e-01
7.228616666517191369e-01	9.999856413323653381e-01
2.480173959367749648e-01	9.999998162619933018e-01
5.597305364209186340e-01	9.999970067979379040e-01
8.121275648536125935e-01	9.999591887846749350e-01
6.506278484699470344e-01	9.999930683257655106e-01
5.640286728465948585e-01	9.999968893586553831e-01
2.563043832523044241e-01	9.999998007885102513e-01
2.389477797814421045e-01	9.999998319943984582e-01
9.999989001879955319e-01	4.456040987007359178e-01
9.994838511220841548e-01	9.482645416609265521e-01
9.996903494367601617e-01	9.297408245309153330e-01
9.999750950336069311e-01	7.722245086191126262e-01
9.999994577661601713e-01	3.648974210207799329e-01
9.999998664334192044e-01	2.162390432402032658e-01
9.999988482470908435e-01	4.509091314969517761e-01
9.999852298795562922e-01	7.255116804328880509e-01
9.999941103664825581e-01	6.335405331477383939e-01
5.726503226350385667e-01	9.999966387607868157e-01
9.997405520630155973e-01	9.223592980625481275e-01
9.999985515154403704e-01	4.772543952297524372e-01
9.999983626447289664e-01	4.913136639837389907e-01
9.999999599305302578e-01	1.122589290490038083e-01
9.999992440810561156e-01	4.026074119573062049e-01
9.726585877665570035e-01	9.986802534818481902e-01
9.999928306500800446e-01	6.541255722859771193e-01
9.999705169532138171e-01	7.863391043570440164e-01
9.974162456206376870e-01	9.838443860913664851e-01
9.999978792857717735e-01	5.208500852877848697e-01
9.999998010680928306e-01	2.561596974608318922e-01
9.999998335451686371e-01	2.380146643348539648e-01
9.828500295006056264e-01	9.975963652618454747e-01
9.999935298402985451e-01	6.434378850096247326e-01
9.999942530117320594e-01	6.309431320592213677e-01
9.999998513945810297e-01	2.267025002362488273e-01
9.999995384391344722e-01	3.468323510635455964e-01
9.864238760702395137e-01	9.968280468389483229e-01
9.999988389723613036e-01	4.518312491028315669e-01
9.999999229982231563e-01	1.652404578566921689e-01
9.999999975347930725e-01	4.022786953454815517e-04
9.999982044646421597e-01	5.018690608779383666e-01
9.999923996734656484e-01	6.601495453226711163e-01
9.999984489846748259e-01	4.851032465604139254e-01
9.999891930405669926e-01	6.955461851588555788e-01
9.999944327104554054e-01	6.275680521643569598e-01
9.999937279874103746e-01	6.401742036699897831e-01
9.999089446212348076e-01	8.675766719388731119e-01
9.999992570389540925e-01	4.006331852440722097e-01
9.999974896040109140e-01	5.399648287248646206e-01
9.999999349894028722e-01	1.506778985419493511e-01
9.934636604230582257e-01	9.930548661833245028e-01
9.999999447798141317e-01	1.371740358656483583e-01
3.338827083583750799e-02	9.999999896442690606e-01
9.999999932039324024e-01	1.817707705094617765e-02
9.999999013842515438e-01	1.874932470014752939e-01
9.837736430037858915e-01	9.974297839268915222e-01
9.999922611659119998e-01	6.620047120323675482e-01
2.355065256562069997e-01	9.999998376528743682e-01
9.999991962012980684e-01	4.096276849643116780e-01
9.999997628717267606e-01	2.744495930790603611e-01
9.999999747022668695e-01	8.051476500733212305e-02
9.999287325191550391e-01	8.518997352206385543e-01
9.999988668322071783e-01	4.490388354398404669e-01
9.999993695764478607e-01	3.819373232536031892e-01
9.999998268980424543e-01	2.419630981592816310e-01
9.999983852052494182e-01	4.897237070183456664e-01
9.999999958782734844e-01	6.090911338500704097e-03
9.999999813658985159e-01	6.216303971371850423e-02
9.999996702080422573e-01	3.097668453667277166e-01
7.443813989130103614e-01	9.999818665727110423e-01
9.999999952125803171e-01	9.028434713148181245e-03
9.999976515577810865e-01	5.324248637058613953e-01
9.999950172084723921e-01	6.157010390004116207e-01
9.999998028923757776e-01	2.552112428616608586e-01
9.999999951038037738e-01	9.519415652449958465e-03
4.448045311173360883e-01	9.999989078114903673e-01
9.999999301097782789e-01	1.568360782669573350e-01
1.149546423821041774e-01	9.999999584565815169e-01
9.999997325318614738e-01	2.872027854208313302e-01
9.999793134882886125e-01	7.561423141178791330e-01
9.999994576493289600e-01	3.649216920357383209e-01
9.955292552701976438e-01	9.900079889915814890e-01
9.999993463642787850e-01	3.860431069229377510e-01
9.999998899710236255e-01	1.976921111892819827e-01
9.999990847185726839e-01	4.245088539060667410e-01
9.999989510032608608e-01	4.401670346919437371e-01
9.999988128117459629e-01	4.543930861112173147e-01
9.999985393944094136e-01	4.782111696300832548e-01
9.999987837202848340e-01	4.571764490592528096e-01
9.564332330162875762e-01	9.993249223831788264e-01
9.999912169664499917e-01	6.748909912336163996e-01
9.999988091438443139e-01	4.547477549480726244e-01
9.443611925512689353e-01	9.995410519845475683e-01
9.999988449442844818e-01	4.512383522721449269e-01
9.999995521115017105e-01	3.434797079655920182e-01
9.999993635433661598e-01	3.830182267945068109e-01
9.999987885133023724e-01	4.567224874871339546e-01
9.999996283987960810e-01	3.228177882841349877e-01
9.999937158806651016e-01	6.403768717480783357e-01
9.999986264377153100e-01	4.711543089043904731e-01
9.999987041435632884e-01	4.644619590288918687e-01
9.999907202439669573e-01	6.804272402247757423e-01
9.999986709759449699e-01	4.673666639268624357e-01
9.999990254789082877e-01	4.317071200439569489e-01
9.999982092628696417e-01	5.015631277461630733e-01
9.999991527174509898e-01	4.156590152872163824e-01
9.999988122497414089e-01	4.544475003477983499e-01
9.999872243989312848e-01	7.117763217739319082e-01
9.999985509610574974e-01	4.772983322446366916e-01
9.999984531031392843e-01	4.847982683301287343e-01
9.999999164269001151e-01	1.724820019379994518e-01
9.999995484148463953e-01	3.443955125954517582e-01
9.999985472840701162e-01	4.775893174805119212e-01
9.999922296759329310e-01	6.624212968002600732e-01
9.999985418489945044e-01	4.780180682007675319e-01
9.999982386352374020e-01	4.996718162963407206e-01
9.999983942449378604e-01	4.890802631574505677e-01
9.999985145057989078e-01	4.801507695518634211e-01
9.999988464963038837e-01	4.510837655728714424e-01
9.999999245791756364e-01	1.634261010060050756e-01
9.999983952478890270e-01	4.890086456402542581e-01
9.999879697636585574e-01	7.059927696989214407e-01
9.999996905085704046e-01	3.028753054723964944e-01
9.999997622091180149e-01	2.747432476767688314e-01
9.999994219809715812e-01	3.721090845265905278e-01
9.999999544628271897e-01	1.219322945650042067e-01
9.999999981524683168e-01	1.492272637753089271e-04
9.999996707895458803e-01	3.095748770826469709e-01
9.893883167479505802e-01	9.958132225089122436e-01
9.999998603383281059e-01	2.205937736978785813e-01
9.999997217499261293e-01	2.914246470259043154e-01
9.999999896775607633e-01	3.325463942534179207e-02
9.999882297265683118e-01	7.038779147612099774e-01
9.999999974324624841e-01	6.064012012327868462e-04
9.999999918663988741e-01	2.410465544141382477e-02
9.999999930356531230e-01	1.893486670553556905e-02
9.999998136114623959e-01	2.494788895539316043e-01
9.999999861147101932e-01	4.666866353493870356e-02
9.997071162286906842e-01	9.274733139271130744e-01
9.999888348429111229e-01	6.987401643279267383e-01
9.999999947437826497e-01	1.115604947369375211e-02
9.999990451122685586e-01	4.293703832265514109e-01
9.999995226882563149e-01	3.505813149058051303e-01
9.992651355866188911e-01	9.588060870527795876e-01
9.999978116830386954e-01	5.244161434109098074e-01
9.999976086061208580e-01	5.344763310628983799e-01
9.999999333303063453e-01	1.528104078296587121e-01
9.999729404035962999e-01	7.792260768837957485e-01
9.999985872342846971e-01	4.743870415829134490e-01
9.999999296037742624e-01	1.574555029202931999e-01
9.999999937946459916e-01	1.549613706473362829e-02
9.999734422151488333e-01	7.776568607454110715e-01
9.999999552736915653e-01	1.205521188253815268e-01
9.999999740591037911e-01	8.212134787647118461e-02
9.991628749187734249e-01	9.622614408803631392e-01
9.999964489912669396e-01	5.787347730396141809e-01
9.999591154682364591e-01	8.122646905362937986e-01
9.999739521457096103e-01	7.760252336201747259e-01
9.999999865763871121e-01	4.502622782079979125e-02
9.999999812870541405e-01	6.240104133300472533e-02
9.999988982183943831e-01	4.458097780190358739e-01
9.999998847957780601e-01	2.020335686397373154e-01
9.997811430056855464e-01	9.147663505265659634e-01
9.999999249838316118e-01	1.629569274080773233e-01
9.999999222565747470e-01	1.660815591694196902e-01
9.999999423268309817e-01	1.407170986030701343e-01
9.915139686308507283e-01	9.946791022489536171e-01
9.999997088027539061e-01	2.963042305125895837e-01
9.999982878308604217e-01	4.964304166942116181e-01
9.999999949226764384e-01	1.034098295118668354e-02
9.999996145878442544e-01	3.268333511542963477e-01
9.999998972112873474e-01	1.913285683983551033e-01
9.989893616965054290e-01	9.668696710362419955e-01
9.999995342375119778e-01	3.478439914057287474e-01
9.999374050869296315e-01	8.431507161273407158e-01
9.977157629421434804e-01	9.821208502737069912e-01
9.877932451832605043e-02	9.999999667593725272e-01
9.999944300763158322e-01	6.276183876283313312e-01
9.999980398097196854e-01	5.118870646347621900e-01
9.999999824101384327e-01	5.895613128416421489e-02
9.999997701597385102e-01	2.711708277252717902e-01
9.999983585930661834e-01	4.915968354245116023e-01
9.996177644384446337e-01	9.378672155352401063e-01
9.999996919649534188e-01	3.023652506662253270e-01
9.999997766549464373e-01	2.681703538686696087e-01
9.999996913753478323e-01	3.025720053061570214e-01
9.999993918528610193e-01	3.778585615702151346e-01
9.999952468159462038e-01	6.106161628712304390e-01
9.999997563251504795e-01	2.773195322629969928e-01
9.999992044747219033e-01	4.084441882381293354e-01
9.999997506693129035e-01	2.797443578683831422e-01
9.999997678773544507e-01	2.722074130605882658e-01
9.999999427053753998e-01	1.401777925450030660e-01
9.999985574750601680e-01	4.767809932002218254e-01
9.999998948926098752e-01	1.934052416474787428e-01
9.999993841697220054e-01	3.792812388612183394e-01
9.999999214844284001e-01	1.669505834393866239e-01
9.999999393977391238e-01	1.448025290995216263e-01
9.999996712453826930e-01	3.094241781770750155e-01
9.993032439543051426e-01	9.573285270196660868e-01
9.974396349326840605e-01	9.837217806800773179e-01
9.999999972831563610e-01	9.597960763350066316e-04
9.038707339969938026e-01	9.998255602116531415e-01
9.999998066454778289e-01	2.532356905024473193e-01
9.999994719105669283e-01	3.619217857978300756e-01
9.999990635309122800e-01	4.271347540380551200e-01
9.999999944138223684e-01	1.266468840429391118e-02
9.999999036263107488e-01	1.853780164559067911e-01
9.999980505341544701e-01	5.112614451036707752e-01
9.999998119045827583e-01	2.504105520126234108e-01
9.999990686907813675e-01	4.265006888291010823e-01
9.999999930989214025e-01	1.865031307191966636e-02
9.995461731703582098e-01	9.439774910921404638e-01
9.999999163211882314e-01	1.725947629846332765e-01
9.999999817807484481e-01	6.090132820550941961e-02
9.783867210648031776e-01	9.982000604134859678e-01
9.999989382122397297e-01	4.415598796400972414e-01
9.999999858231992667e-01	4.769211719515398240e-02
9.999998902612378116e-01	1.974437247527397465e-01
9.999992581370606981e-01	4.004643499781842531e-01
9.999988192852390378e-01	4.537644475146664913e-01
9.999996538591732209e-01	3.150413772999817175e-01
9.999988620000486161e-01	4.495280426978053301e-01
9.999619106902338794e-01	8.068103370826744669e-01
9.999999091299778264e-01	1.800123363752015315e-01
9.999785228036791596e-01	7.594392456286046533e-01
9.999998570692740785e-01	2.228639046196777551e-01
9.999999393609916298e-01	1.448528274221243528e-01
9.999998236129820084e-01	2.438665098430001787e-01
9.999580970393223689e-01	8.141386083418028496e-01
9.999995862878162667e-01	3.346623733877673867e-01
9.999991087241860699e-01	4.214605251212686365e-01
9.987399828130444357e-01	9.717134467057384484e-01
9.999998118484232368e-01	2.504410807034580522e-01
9.964436359346277028e-01	9.877152873879203598e-01
9.999999533213543845e-01	1.238454752821888105e-01
9.999999361879868820e-01	1.491112469705192511e-01
9.999982586485106628e-01	4.983645173476303203e-01
9.999999041366178787e-01	1.848910323076288220e-01
9.999998309207893676e-01	2.395894630602890540e-01
9.999994546024750797e-01	3.655529159699968389e-01
9.999983706190659349e-01	4.907542403136434528e-01
9.999999904720933142e-01	3.001628715708237749e-02
9.999999916555121215e-01	2.501723304616609855e-02
9.999999542034809785e-01	1.223699902137859175e-01
9.999985686077332847e-01	4.758913397838177017e-01
9.999998032436295814e-01	2.550277463122915256e-01
9.999993436564248439e-01	3.865129290562897557e-01
9.999991842164649425e-01	4.113212078113432923e-01
9.999997089202807832e-01	2.962608232322164747e-01
9.999997792235717498e-01	2.669624984946430413e-01
6.197450205166907811e-01	9.999948259478788071e-01
9.999995234832023128e-01	3.503949036422027152e-01
9.998661080328743456e-01	8.900208954699849739e-01
9.999955983022400519e-01	6.022897647458342885e-01
9.999997267887514862e-01	2.894702197031221447e-01
9.999996010732008500e-01	3.306361966311750500e-01
9.999999861686842406e-01	4.647802193522332370e-02
9.999825165569063978e-01	7.410725639463707770e-01
9.999999200638964858e-01	1.685319454869147471e-01
9.999582582863627556e-01	8.138456885233593674e-01
9.999999471151447272e-01	1.336901278424725836e-01
9.999996936342907539e-01	3.017779194047067737e-01
9.999993998323126743e-01	3.763627233932091976e-01
9.999993973600886932e-01	3.768281898018933651e-01
9.999990847421498241e-01	4.245058986875932527e-01
9.999997406240377362e-01	2.839327825379387438e-01
9.999994051253132676e-01	3.753599822649137385e-01
9.999985869310960007e-01	4.744116876927696458e-01
9.999973400704664783e-01	5.464868550512573808e-01
9.999999200335163430e-01	1.685655228202802558e-01
9.999999088836017958e-01	1.802580414937784425e-01
9.999994312301350163e-01	3.702866669118258791e-01
9.999999572436972795e-01	1.171225528388455395e-01
9.999948610624673773e-01	6.190149492222418726e-01
9.999976087137096847e-01	5.344712406282069450e-01
9.999993907439230778e-01	3.780649593173687206e-01
9.999999931395717745e-01	1.846725773647761581e-02
9.999994211145012413e-01	3.722783863127736570e-01
9.999993776168090154e-01	3.804812871994751600e-01
9.999999919497768452e-01	2.374209104315327945e-02
9.999983267901793038e-01	4.937950533301673772e-01
9.999994115669402772e-01	3.741280943561771100e-01
9.999986252852777202e-01	4.712506624009707989e-01
9.999988249526422512e-01	4.532112524284276356e-01
9.756118000365929799e-01	9.984620198613057829e-01
9.204494259082676155e-01	9.997516812000379893e-01
2.594836519704465383e-01	9.999997945578661396e-01
9.999997687026768167e-01	2.718336226241454545e-01
1.331675949722873620e-01	9.999999474589822412e-01
9.999999966119998973e-01	3.121371253775317989e-03
1.034630307100270485e-03	9.999999972543890392e-01
9.999999114749952289e-01	1.776466131292584461e-01
9.999999972270857684e-01	1.107508515866273413e-03
8.772841074056125787e-01	9.998930271608015286e-01
9.471159119546510574e-01	9.995017092516127466e-01
9.999964245475601032e-01	5.794931119061683678e-01
4.601073899947707435e-01	9.999987523140381196e-01
9.999851722800382481e-01	7.258757956681154422e-01
9.991481953096347235e-01	9.627056379164025124e-01
9.981062664152090536e-01	9.792289826694264843e-01
7.068922292478221348e-01	9.999878572029448076e-01
9.999999324487660601e-01	1.539269650733067207e-01
5.827921497016562702e-01	9.999963160906187865e-01
9.999868046669668775e-01	7.148643721056016087e-01
9.999310783281160075e-01	8.496726361121842430e-01
9.999593393260134411e-01	8.118450468445805868e-01
9.999845383711549740e-01	7.297773606411551706e-01
4.716895588898584180e-01	9.999986200234827205e-01
9.999943140458080748e-01	6.298099867005749752e-01
9.342657089166656048e-01	9.996526148436615244e-01
9.999969333691806073e-01	5.624384369459178856e-01
9.999797070721372361e-01	7.544448944725464790e-01
9.999485857510517217e-01	8.292934902093146432e-01
9.999998878802326407e-01	1.994658505857407338e-01
9.999978423756713530e-01	5.228114936825454251e-01
9.999971960749399758e-01	5.524125303919159569e-01
8.806886375313394133e-01	9.998865886417959148e-01
9.999879407366953910e-01	7.062256445197797605e-01
6.207412665379932193e-01	9.999947776063528027e-01
9.987054746196611932e-01	9.722677787552166384e-01
9.336886606688817869e-01	9.996577763759419977e-01
9.999851313993690649e-01	7.261332249351533097e-01
9.998995839163949961e-01	8.735294511280560226e-01
5.709495462901130747e-01	9.999966898478542809e-01
9.999753869345271440e-01	7.712201103854168238e-01
5.382985807587663540e-01	9.999975263737418407e-01
9.983926178858836264e-01	9.764165104469069156e-01
9.999999942039993206e-01	1.362520166612746220e-02
9.999927265442439817e-01	6.556170998875279210e-01
2.666295560319933422e-01	9.999997799270167187e-01
9.989844749881513497e-01	9.669818512479959605e-01
9.999999941002116755e-01	1.410013106211038814e-02
9.999789308989178727e-01	7.577559636237415353e-01
9.999860385319390144e-01	7.202183639292354389e-01
7.190409002865562060e-01	9.999862113498507732e-01
9.959930843821431790e-01	9.889570152410155357e-01
9.999947087260854239e-01	6.221434641993697223e-01
3.599492101801141652e-01	9.999994810939154544e-01
9.932872519482588425e-01	9.932367689507375363e-01
9.999953076538786734e-01	6.092238892127985750e-01
9.999826798417101870e-01	7.402185601169768425e-01
9.992936606919896603e-01	9.577112340316242811e-01
9.999949444771029095e-01	6.172585498252292080e-01
9.999999747017195295e-01	8.051614309342491893e-02
9.999991258540337213e-01	4.192356385268618535e-01
9.999567896795034105e-01	8.164631581772316959e-01
9.996051603362926530e-01	9.390567568279084565e-01
9.998935848660445158e-01	8.769765923619905479e-01
9.998908069494295558e-01	8.784878005216323338e-01
9.999970107870436165e-01	5.595814149896178868e-01
9.999834657314268238e-01	7.359716718493870546e-01
9.631688137199202471e-01	9.991324712325592161e-01
9.999025199449603774e-01	8.717427800149059047e-01
9.968909808915804582e-01	9.861870836247184080e-01
9.999471413830287592e-01	8.312874957142710741e-01
9.999918557286789911e-01	6.672281080038319212e-01
9.999960048382540156e-01	5.917097610737599434e-01
9.991193523645003349e-01	9.635456582951653637e-01
3.310929224362164636e-01	9.999995994209287531e-01
9.999985858232510738e-01	4.745016985695923450e-01
9.999999940984838354e-01	1.410803560782469823e-02
9.999672936892760600e-01	7.947715960757897324e-01
9.982075726477974698e-01	9.783162232336567454e-01
9.999164017740993504e-01	8.622351587567740339e-01
9.999981207558048535e-01	5.070751411419942567e-01
9.999997828227198404e-01	2.652490730345224978e-01
9.942952239039611895e-01	9.920634284261947711e-01
9.999957849451868164e-01	5.975696823680064496e-01
9.998854068215425883e-01	8.812860131325171986e-01
5.378778203354401821e-01	9.999975355692782841e-01
9.999984512685441418e-01	4.849342246600355510e-01
9.999960146951702988e-01	5.914389845832104253e-01
5.039636066535245762e-01	9.999981712572012515e-01
9.999519950866354590e-01	8.242950751709017254e-01
9.905820471480945022e-01	9.952350476305664717e-01
9.999466926008636625e-01	8.318931800134587995e-01
9.044763244185642925e-01	9.998234304013912110e-01
9.999756637146932636e-01	7.702544569613845038e-01
9.999988192755381311e-01	4.537653921502575738e-01
9.999965523676833667e-01	5.754646515438186505e-01
9.980883152605625197e-01	9.793825949880073933e-01
9.994248322615136848e-01	9.516828467983392548e-01
9.999957295890697928e-01	5.989928482454892622e-01
9.999958887147198938e-01	5.948465402391850398e-01
9.999996299583810977e-01	3.223557306938563682e-01
9.999892014274819330e-01	6.954699557278377631e-01
9.999931985427171766e-01	6.486543876942599818e-01
9.988091455521280748e-01	9.705281582651104078e-01
9.007422339007991052e-01	9.998360280887436113e-01
9.999999956314461480e-01	7.163000936407204478e-03
9.999861771544442668e-01	7.192752380382124722e-01
9.999958353769118347e-01	5.962554051556192558e-01
9.999922217519902068e-01	6.625258255164662158e-01
9.999869552670699324e-01	7.137696026204780608e-01
9.999916960523046461e-01	6.692055794024662774e-01
9.999999974410429537e-01	5.880172437000563690e-04
9.999980251064410908e-01	5.127390721520947992e-01
9.999785498889173230e-01	7.593287090971175823e-01
9.997939824172628054e-01	9.119495487713810133e-01
9.999993993755570409e-01	3.764488582765583846e-01
9.999079882530491625e-01	8.682206434351745772e-01
9.999958153155582563e-01	5.967802653883502728e-01
1.467882406803727724e-01	9.999999379341254491e-01
9.973391070269121972e-01	9.842361022695386152e-01
9.999958496512353356e-01	5.958802825019712257e-01
9.999971736481525486e-01	5.533064649044898697e-01
9.998650937595721100e-01	8.904333094876306642e-01
9.964013687847967926e-01	9.878429628085126923e-01
9.872132751699187470e-01	9.966019607293441496e-01
9.999759428582756238e-01	7.692671332976561693e-01
9.999698587561309804e-01	7.881493741181107016e-01
9.999973546634604027e-01	5.458675571692277462e-01
9.999559946123444121e-01	8.178346114732277794e-01
9.999944538714201636e-01	6.271627370299625026e-01
9.997693137699036336e-01	9.171679819981473081e-01
4.281350780652759536e-02	9.999999871866460666e-01
1.826856994886140173e-01	9.999999064203882737e-01
9.979648968890393324e-01	9.803792002189682941e-01
2.801807518250565288e-02	9.999999909511042562e-01
7.386716615707344946e-02	9.999999772576123602e-01
2.051468668830469522e-02	9.999999926825230423e-01
2.129177666429638016e-02	9.999999925075638840e-01
1.326917059049810277e-01	9.999999477706863482e-01
9.876515958218480273e-01	9.964644077158598678e-01
9.960786601094632209e-01	9.887399547511153131e-01
3.752499637368862384e-01	9.999994057033309014e-01
9.977985681328237488e-01	9.815775656900069812e-01
9.999950542316856650e-01	6.148986326065655206e-01
6.173349391340698933e-01	9.999949408802025763e-01
8.775062683246381834e-02	9.999999717237071373e-01
1.074265730038881372e-06	9.999999979196519950e-01
8.539238942589788550e-04	9.999999973253014263e-01
9.999995261757628207e-01	3.497613353831859895e-01
3.671382959102026389e-01	9.999994468782918977e-01
1.575381291239423831e-01	9.999999295360637586e-01
8.593223796885957055e-01	9.999201372930618392e-01
6.313188794357367239e-01	9.999942326139652504e-01
9.180417383516488172e-01	9.997647918823401314e-01
1.374531061205638283e-01	9.999999445894870442e-01
4.891937505473802350e-01	9.999983926543203339e-01
2.032795791114657691e-01	9.999998832740218946e-01
4.273910559386352448e-01	9.999990614372115116e-01
8.503556871451156685e-02	9.999999728661946863e-01
5.605148590709352341e-02	9.999999833274161309e-01
6.046888274001815944e-02	9.999999819217336716e-01
9.839982063046605054e-01	9.973863997996093023e-01
9.872862184947096553e-01	9.965797027775676886e-01
9.993953881528877536e-01	9.532023192052297977e-01
2.040751306622367034e-01	9.999998822937636866e-01
6.275976197173138704e-02	9.999999811678625949e-01
4.504749949151898303e-02	9.999999865704556345e-01
9.991370748059318352e-01	9.630345279311253170e-01
1.229350009991618808e-01	9.999999538671230370e-01
9.999987073120932823e-01	4.641805648640815463e-01
9.999988242635362568e-01	4.532786583105975486e-01
9.998667422046203512e-01	8.897609193401736505e-01
3.373082055172984539e-01	9.999995762963519441e-01
4.970017122532011111e-02	9.999999852425487390e-01
1.385102701348935872e-01	9.999999438640524430e-01
2.585354031072850667e-03	9.999999967594103145e-01
5.562411274541236850e-01	9.999970986820857499e-01
1.026171417763318550e-01	9.999999649039248428e-01
9.256984044625786723e-01	9.997193672846085288e-01
2.189159763041348405e-03	9.999999968738810807e-01
6.005975729422710074e-01	9.999956662251798800e-01
4.019551283412092779e-02	9.999999878917849028e-01
4.132445646610771739e-02	9.999999875899197033e-01
9.999995293687193865e-01	3.490056314576988061e-01
2.720256836405715584e-01	9.999997682789344422e-01
5.727504219194978763e-02	9.999999829442741683e-01
2.960150261762660717e-01	9.999997095849785245e-01
2.715139334328988685e-01	9.999997694064849396e-01
1.075985795488376695e-02	9.999999948306601549e-01
5.829941415192642085e-01	9.999963093364118150e-01
9.884311488281211089e-01	9.961951421809326357e-01
3.685036871538620584e-01	9.999994401428524693e-01
1.321655230605878195e-02	9.999999942932713548e-01
9.436436715619496152e-01	9.995505618841109552e-01
9.999993530223251215e-01	3.848799186404104899e-01
1.119394777088422721e-02	9.999999947354789587e-01
3.108327867085725060e-02	9.999999902128595686e-01
1.232494829563323124e-01	9.999999536791367438e-01
9.822236589155266540e-01	9.976995220174825763e-01
1.051400994306450620e-03	9.999999972480465571e-01
9.109061104974325307e-02	9.999999702760292708e-01
1.618934417479944710e-02	9.999999936424925906e-01
1.668075372054895755e-01	9.999999216119402901e-01
8.800845892917175117e-02	9.999999716136259709e-01
3.247094837002614254e-01	9.999996219504329042e-01
4.034698829942522380e-01	9.999992383516479455e-01
1.148769496799796341e-01	9.999999584995896695e-01
9.981858226858729699e-01	9.785190517171653557e-01
1.632933507374126902e-01	9.999999246938435782e-01
1.376872807774144336e-01	9.999999444294015438e-01
1.245497897059236747e-01	9.999999528959694350e-01
8.599819690480903223e-02	9.999999724645951549e-01
7.187558082720413299e-01	9.999862528193353972e-01
1.961674908076943558e-01	9.999998917425158007e-01
7.618384330630079138e-01	9.999779247643396651e-01
2.323558935325320540e-02	9.999999920658789732e-01
2.784682161190602523e-01	9.999997536602609483e-01
2.920368319139703406e-01	9.999997201545345327e-01
3.607886833906037705e-02	9.999999889650786900e-01
3.902609050358408771e-01	9.999993216651887895e-01
4.785099209583462132e-01	9.999985355886130689e-01
7.264915270701166605e-02	9.999999777078376617e-01
6.841143130203930500e-02	9.999999792324139047e-01
3.205334214562216566e-02	9.999999899750170451e-01
9.992401355806376229e-01	9.597147943920648627e-01
3.700869868619327541e-02	9.999999887263353315e-01
1.256227653696568858e-01	9.999999522425272458e-01
6.127215154323406576e-02	9.999999816593656554e-01
6.699237318032680299e-03	9.999999957375114157e-01
2.531045046461624093e-01	9.999998068924840222e-01
9.244169141019989988e-01	9.997277725283507666e-01
3.584159528052615062e-01	9.999994881276204062e-01
9.404556885032043789e-01	9.995895650272657029e-01
3.133703601184578691e-02	9.999999901508432876e-01
8.027851207478919893e-02	9.999999747959900098e-01
4.929955148459175263e-02	9.999999853593215526e-01
8.136096596890463051e-02	9.999999743647762784e-01
2.679570921302187880e-01	9.999997771103737998e-01
7.768588953485833226e-02	9.999999758102672276e-01
7.430313348289452335e-02	9.999999770951332190e-01
8.240368862633351554e-03	9.999999953882795500e-01
5.984095240555342698e-02	9.999999821253657828e-01
7.354383699921296369e-02	9.999999773776591105e-01
6.097110254444606525e-01	9.999952864645758055e-01
6.327040342304290910e-02	9.999999809974523535e-01
7.636192164624022727e-02	9.999999763182829682e-01
6.388001979630320015e-02	9.999999807928682261e-01
1.591971835377958833e-03	9.999999970591845200e-01
8.566209078834119417e-01	9.999234119502259377e-01
7.388325826530062201e-02	9.999999772516274810e-01
7.463903741785893331e-02	9.999999769694658536e-01
1.882693390670457934e-01	9.999999005511248651e-01
9.401497956816395885e-02	9.999999689692629090e-01
1.100007831143499093e-01	9.999999611365890662e-01
6.439354879126124587e-02	9.999999806195591923e-01
9.999992165481762507e-01	4.066954251994553404e-01
6.058610499924723669e-01	9.999954511323855266e-01
9.999975205416515855e-01	5.385645915391312766e-01
9.999992125298337031e-01	4.072803505854286632e-01
6.368413066286160440e-02	9.999999808587438643e-01
9.999978422675552814e-01	5.228171876673223251e-01
9.999962163150876160e-01	5.857363447064189987e-01
9.999995178018157294e-01	3.517208026449241132e-01
9.999942706054034680e-01	6.306178567176680128e-01
9.851730157412427191e-01	9.971383231073492892e-01
9.999995682083611115e-01	3.394078316240782822e-01
9.999990164385794689e-01	4.327675081006157054e-01
9.975680566518063674e-01	9.830142897032481120e-01
9.999943130550863479e-01	6.298284869996012558e-01
9.926787765077201842e-01	9.938031688940403008e-01
9.999986319223952425e-01	4.706946220492973509e-01
9.999945559300809084e-01	6.251837477954473865e-01
3.645888671693375827e-02	9.999999888677595372e-01
9.999984126634183790e-01	4.877577295963421156e-01
9.189291595620876496e-01	9.997600733000592266e-01
9.999999964535419839e-01	3.725170284816226030e-03
9.981791766655325748e-01	9.785802552368476626e-01
9.999946196881607241e-01	6.239266395541424037e-01
2.284318732198429291e-01	9.999998487763532840e-01
9.999996449745027771e-01	3.178129486811219762e-01
9.998855230723856513e-01	8.812276118323524310e-01
9.999997182254546368e-01	2.927728824303342803e-01
9.999993452480271383e-01	3.862370065387433771e-01
1.741038726962121919e-01	9.999999148961844497e-01
9.999990086772040376e-01	4.336702285974131099e-01
9.968803268364182513e-01	9.862277323079594593e-01
9.999998737985339448e-01	2.107490778983169832e-01
9.617182437861324651e-01	9.991803143314361701e-01
9.999477887205607818e-01	8.304023776156388426e-01
9.999988962350595534e-01	4.460165220709596534e-01
9.999990580959315922e-01	4.277989172771472504e-01
9.998711363748535863e-01	8.879132663629675237e-01
9.999979482480870763e-01	5.170886406984969152e-01
9.731167335575340305e-01	9.986496980810533053e-01
9.901641257670537044e-01	9.954524154500631328e-01
9.981594380370962805e-01	9.787599410425394941e-01
9.998142014063623462e-01	9.069905943262507320e-01
9.999678393618355310e-01	7.934170076071964672e-01
2.495232105007860746e-02	9.999999916705618608e-01
1.218133818858770923e-01	9.999999545331027528e-01
9.514381783393327519e-01	9.994293761145753852e-01
9.991788460389480209e-01	9.617646457287329920e-01
9.991366043118455886e-01	9.630483017624612563e-01
9.999996497910161875e-01	3.163184295219469977e-01
9.008294436180542819e-01	9.998357479239221579e-01
9.999999923087624643e-01	2.216994110752956715e-02
9.998789065902522477e-01	8.844325514881529182e-01
9.999935216412803030e-01	6.435705343154355385e-01
9.999991198080149246e-01	4.200257606529994581e-01
9.997806567534062161e-01	9.148685592772802799e-01
9.928428993782401069e-01	9.936589829281200492e-01
9.990488830077802751e-01	9.654334427036239674e-01
9.995866050803637881e-01	9.407126396887199871e-01
9.999747164179405567e-01	7.735064331520621339e-01
9.152629427084238989e-01	9.997787665412968261e-01
9.559601308442172707e-01	9.993359762799733925e-01
9.940927592119083167e-01	9.923276505695496352e-01
9.999998997866261785e-01	1.889768811078034183e-01
9.999946456344912527e-01	6.234103708782040565e-01
9.999966205319683610e-01	5.732505231323690165e-01
3.516926331732668221e-01	9.999995179231783160e-01
7.185430947577435834e-01	9.999862836664712429e-01
9.999993990394605570e-01	3.765121993726688876e-01
4.001978453111619816e-01	9.999992598672107214e-01
9.999996042961770693e-01	3.297402317765780744e-01
9.999697130171665282e-01	7.885437254928249207e-01
9.994203135821185802e-01	9.519233674230879183e-01
9.996625022606974165e-01	9.331494268685477378e-01
9.999972859758601285e-01	5.487517242471673384e-01
9.999996814828492342e-01	3.059885653061404920e-01
9.999994522774512395e-01	3.660323525143722723e-01
9.999999793982468077e-01	6.793949666802456822e-02
9.999506335113552691e-01	8.263429499773058406e-01
9.999817604323681941e-01	7.449084475920113579e-01
9.999697578156336863e-01	7.884227520791361465e-01
9.999633965491088183e-01	8.037062205035085949e-01
9.999999850552093728e-01	5.033956245323156775e-02
1.996094330089526192e-01	9.999998877095679362e-01
9.999999783037504253e-01	7.101397851361479496e-02
9.999932868142112907e-01	6.472925524958144106e-01
9.999999755727709827e-01	7.829894207811571860e-02
9.999988406594433332e-01	4.516640635809571203e-01
9.999787857313088280e-01	7.583591494756773965e-01
9.999984848768114221e-01	4.824172436480536064e-01
9.999840772461998650e-01	7.325000082061503548e-01
9.999945728866168615e-01	6.248510025318807504e-01
9.999965404270222402e-01	5.758476926220439385e-01
9.809932820231447304e-01	9.978823097676819964e-01
9.999579756576906231e-01	8.143581903085591600e-01
9.999999817429604532e-01	6.101691801553599248e-02
9.999993903390849148e-01	3.781402191844188687e-01
9.999998557843258196e-01	2.237442338677216869e-01
9.793857538154709941e-01	9.980879432555848085e-01
9.999994664198105232e-01	3.630857614700219171e-01
9.999837514649153603e-01	7.343685615768608121e-01
9.999802783169746689e-01	7.519105621919355276e-01
9.584825804961601969e-01	9.992737401757117999e-01
9.999999961902581447e-01	4.779392736204868264e-03
9.999785109746939238e-01	7.594874684266582632e-01
9.999994283536879358e-01	3.708564320723001240e-01
9.999990422858453520e-01	4.297096846620399591e-01
9.981295858936550802e-01	9.790259073394593781e-01
9.999997732472440948e-01	2.697540108023586125e-01
9.998940608997366475e-01	8.767124359092997032e-01
9.999486020804457809e-01	8.292705467361408678e-01
9.999968794424265450e-01	5.643836779588876640e-01
9.999944628767004629e-01	6.269897346546071670e-01
9.999980690640316583e-01	5.101720689884325921e-01
9.999999795660701185e-01	6.745962304809849375e-02
9.999999487021731248e-01	1.312569648749967177e-01
9.999996006506175483e-01	3.307531747248038112e-01
9.999998053685317245e-01	2.539115651132236584e-01
9.999982134102948228e-01	5.012980104841106010e-01
9.999994862593956091e-01	3.588251318191104655e-01
9.949414493355773770e-01	9.910965418745487643e-01
9.997416836393785422e-01	9.221703332301629530e-01
9.999988062963248714e-01	4.550223439906581069e-01
9.999979310814186562e-01	5.180370872315104291e-01
9.999999081161303760e-01	1.810200250759635976e-01
9.999989268581376267e-01	4.427823688728137475e-01
9.937291772274394752e-01	9.927638416222169804e-01
9.999989023073463379e-01	4.453823716580845860e-01
